SIM_TERRAIN,cover_tiles=8,of=120,plain=false,max_rounds=40
SIM,1,0,0,0,1,0,0,0,0,0,40,40,1000,0,30
SIM_COVER_USE,1,1,0,0
SIM,1,0,0,0,2,1,3,0,1,0,40,39,200,1000,19
SIM_COVER_USE,1,2,0,0
SIM,1,0,0,0,3,0,1,3,1,1,40,39,1100,200,45
SIM_COVER_USE,1,3,0,0
SIM,1,0,0,0,4,1,1,3,1,1,40,38,500,1100,39
SIM_COVER_USE,1,4,0,0
SIM,1,0,0,0,5,0,0,3,0,1,40,38,1500,500,45
SIM_COVER_USE,1,5,0,0
SIM,1,0,0,0,6,1,3,1,1,1,40,38,100,1400,32
SIM_COVER_USE,1,6,0,0
SIM,1,0,0,0,7,0,0,4,0,2,40,38,1100,300,45
SIM_COVER_USE,1,7,0,0
SIM,1,0,0,0,8,1,0,4,0,2,40,38,500,1100,41
SIM_COVER_USE,1,8,0,0
SIM,1,0,0,0,9,0,0,4,0,2,39,38,1500,500,45
SIM_COVER_USE,1,9,0,0
SIM,1,0,0,0,10,1,3,3,1,1,39,38,100,1400,34
SIM_COVER_USE,1,10,0,0
SIM,1,0,0,0,11,0,1,6,1,2,38,38,1000,300,45
SIM_COVER_USE,1,11,0,0
SIM,1,0,0,0,12,1,1,4,1,2,38,38,400,1100,39
SIM_COVER_USE,1,12,0,0
SIM,1,0,0,0,13,0,0,4,0,2,37,38,1400,500,45
SIM_COVER_USE,1,13,0,0
SIM,1,0,0,0,14,1,3,3,1,1,37,38,300,1400,34
SIM_COVER_USE,1,14,0,0
SIM,1,0,0,0,15,0,1,6,1,2,36,38,1200,300,45
SIM_COVER_USE,1,15,0,0
SIM,1,0,0,0,16,1,1,4,1,2,36,38,300,1100,37
SIM_COVER_USE,1,16,0,0
SIM,1,0,0,0,17,0,0,4,0,2,35,38,1300,500,45
SIM_COVER_USE,1,17,0,0
SIM,1,0,0,0,18,1,3,3,1,1,35,38,200,1400,34
SIM_COVER_USE,1,18,0,0
SIM,1,0,0,0,19,0,1,6,1,2,34,38,1100,300,45
SIM_COVER_USE,1,19,0,0
SIM,1,0,0,0,20,1,1,4,1,2,34,38,500,1100,39
SIM_COVER_USE,1,20,0,0
SIM,1,0,0,0,21,0,0,4,0,2,33,38,1500,500,45
SIM_COVER_USE,1,21,0,0
SIM,1,0,0,0,22,1,3,3,1,1,33,38,100,1400,32
SIM_COVER_USE,1,22,0,0
SIM,1,0,0,0,23,0,1,6,1,2,32,38,1000,300,45
SIM_COVER_USE,1,23,0,0
SIM,1,0,0,0,24,1,1,4,1,2,32,38,400,1100,39
SIM_COVER_USE,1,24,0,0
SIM,1,0,0,0,25,0,0,4,0,2,31,38,1400,500,45
SIM_COVER_USE,1,25,0,0
SIM,1,0,0,0,26,1,3,3,1,1,31,38,300,1400,34
SIM_COVER_USE,1,26,0,0
SIM,1,0,0,0,27,0,1,6,1,2,30,38,1200,300,45
SIM_COVER_USE,1,27,0,0
SIM,1,0,0,0,28,1,1,4,1,2,30,38,300,1100,37
SIM_COVER_USE,1,28,0,0
SIM,1,0,0,0,29,0,0,4,0,2,29,38,1300,500,45
SIM_COVER_USE,1,29,0,0
SIM,1,0,0,0,30,1,3,3,1,1,29,38,200,1400,34
SIM_COVER_USE,1,30,0,0
SIM,1,0,0,0,31,0,1,6,1,2,28,38,1100,300,45
SIM_COVER_USE,1,31,0,0
SIM,1,0,0,0,32,1,1,4,1,2,28,38,500,1100,39
SIM_COVER_USE,1,32,0,0
SIM,1,0,0,0,33,0,0,4,0,2,27,38,1500,500,45
SIM_COVER_USE,1,33,0,0
SIM,1,0,0,0,34,1,3,3,1,1,27,38,100,1400,32
SIM_COVER_USE,1,34,0,0
SIM,1,0,0,0,35,0,1,6,1,2,26,38,1000,300,45
SIM_COVER_USE,1,35,0,0
SIM,1,0,0,0,36,1,1,4,1,2,26,38,400,1100,39
SIM_COVER_USE,1,36,0,0
SIM,1,0,0,0,37,0,0,4,0,2,25,38,1400,500,45
SIM_COVER_USE,1,37,0,0
SIM,1,0,0,0,38,1,3,3,1,1,25,38,300,1400,34
SIM_COVER_USE,1,38,0,0
SIM,1,0,0,0,39,0,1,6,1,2,24,38,1200,300,45
SIM_COVER_USE,1,39,0,0
SIM,1,0,0,0,40,1,1,4,1,2,24,38,300,1100,37
SIM_COVER_USE,1,40,0,0
SIM,1,0,0,0,41,0,0,4,0,2,23,38,1300,500,45
SIM_COVER_USE,1,41,0,0
SIM,1,0,0,0,42,1,3,3,1,1,23,38,200,1400,34
SIM_COVER_USE,1,42,0,0
SIM,1,0,0,0,43,0,1,6,1,2,22,38,1100,300,45
SIM_COVER_USE,1,43,0,0
SIM,1,0,0,0,44,1,1,4,1,2,22,38,500,1100,39
SIM_COVER_USE,1,44,0,0
SIM,1,0,0,0,45,0,0,4,0,2,21,38,1500,500,45
SIM_COVER_USE,1,45,0,0
SIM,1,0,0,0,46,1,3,3,1,1,21,38,100,1400,32
SIM_COVER_USE,1,46,0,0
SIM,1,0,0,0,47,0,1,6,1,2,20,38,1000,300,45
SIM_COVER_USE,1,47,0,0
SIM,1,0,0,0,48,1,1,4,1,2,20,38,400,1100,39
SIM_COVER_USE,1,48,0,0
SIM,1,0,0,0,49,0,0,4,0,2,19,38,1400,500,45
SIM_COVER_USE,1,49,0,0
SIM,1,0,0,0,50,1,3,3,1,1,19,38,300,1400,34
SIM_COVER_USE,1,50,0,0
SIM,1,0,0,0,51,0,1,6,1,2,18,38,1200,300,45
SIM_COVER_USE,1,51,0,0
SIM,1,0,0,0,52,1,1,4,1,2,18,38,300,1100,37
SIM_COVER_USE,1,52,0,0
SIM,1,0,0,0,53,0,0,4,0,2,17,38,1300,500,45
SIM_COVER_USE,1,53,0,0
SIM,1,0,0,0,54,1,3,3,1,1,17,38,200,1400,34
SIM_COVER_USE,1,54,0,0
SIM,1,0,0,0,55,0,1,6,1,2,16,38,1100,300,45
SIM_COVER_USE,1,55,0,0
SIM,1,0,0,0,56,1,1,4,1,2,16,38,500,1100,39
SIM_COVER_USE,1,56,0,0
SIM,1,0,0,0,57,0,0,4,0,2,15,38,1500,500,45
SIM_COVER_USE,1,57,0,0
SIM,1,0,0,0,58,1,3,3,1,1,15,38,100,1400,32
SIM_COVER_USE,1,58,0,0
SIM,1,0,0,0,59,0,1,6,1,2,14,38,1000,300,45
SIM_COVER_USE,1,59,0,0
SIM,1,0,0,0,60,1,1,4,1,2,14,38,400,1100,39
SIM_COVER_USE,1,60,0,0
SIM,1,0,0,0,61,0,0,4,0,2,13,38,1400,500,45
SIM_COVER_USE,1,61,0,0
SIM,1,0,0,0,62,1,3,3,1,1,13,38,300,1400,34
SIM_COVER_USE,1,62,0,0
SIM,1,0,0,0,63,0,1,6,1,2,12,38,1200,300,45
SIM_COVER_USE,1,63,0,0
SIM,1,0,0,0,64,1,1,4,1,2,12,38,300,1100,37
SIM_COVER_USE,1,64,0,0
SIM,1,0,0,0,65,0,0,4,0,2,11,38,1300,500,45
SIM_COVER_USE,1,65,0,0
SIM,1,0,0,0,66,1,3,3,1,1,11,38,200,1400,34
SIM_COVER_USE,1,66,0,0
SIM,1,0,0,0,67,0,1,6,1,2,10,38,1100,300,45
SIM_COVER_USE,1,67,0,0
SIM,1,0,0,0,68,1,1,4,1,2,10,38,500,1100,39
SIM_COVER_USE,1,68,0,0
SIM,1,0,0,0,69,0,0,4,0,2,9,38,1500,500,45
SIM_COVER_USE,1,69,0,0
SIM,1,0,0,0,70,1,3,3,1,1,9,38,100,1400,32
SIM_COVER_USE,1,70,0,0
SIM,1,0,0,0,71,0,1,6,1,2,8,38,1000,300,45
SIM_COVER_USE,1,71,0,0
SIM,1,0,0,0,72,1,1,4,1,2,8,38,400,1100,39
SIM_COVER_USE,1,72,0,0
SIM,1,0,0,0,73,0,0,4,0,2,7,38,1400,500,45
SIM_COVER_USE,1,73,0,0
SIM,1,0,0,0,74,1,3,3,1,1,7,38,300,1400,34
SIM_COVER_USE,1,74,0,0
SIM,1,0,0,0,75,0,1,6,1,2,6,38,1200,300,45
SIM_COVER_USE,1,75,0,0
SIM,1,0,0,0,76,1,1,4,1,2,6,38,300,1100,37
SIM_COVER_USE,1,76,0,0
SIM,1,0,0,0,77,0,0,4,0,2,5,38,1300,500,45
SIM_COVER_USE,1,77,0,0
SIM,1,0,0,0,78,1,3,3,1,1,5,38,200,1400,34
SIM_COVER_USE,1,78,0,0
SIM,1,0,0,0,79,0,1,6,1,2,4,38,1100,300,45
SIM_COVER_USE,1,79,0,0
SIM,1,0,0,0,80,1,1,4,1,2,4,38,500,1100,39
SIM_COVER_USE,1,80,0,0
SIM_END,1,0,0,0,80,1,0
SIM,2,0,0,1,1,1,6,6,1,1,40,40,0,1000,0
SIM_COVER_USE,2,1,0,0
SIM,2,0,0,1,2,0,1,9,1,2,40,40,800,200,30
SIM_COVER_USE,2,2,0,0
SIM,2,0,0,1,3,1,4,4,2,1,40,40,300,1000,21
SIM_COVER_USE,2,3,0,0
SIM,2,0,0,1,4,0,1,4,1,1,40,40,1100,400,45
SIM_COVER_USE,2,4,0,0
SIM,2,0,0,1,5,1,1,1,1,1,40,40,500,1200,39
SIM_COVER_USE,2,5,0,0
SIM,2,0,0,1,6,0,0,4,0,2,39,40,1500,100,45
SIM_COVER_USE,2,6,0,0
SIM,2,0,0,1,7,1,3,3,1,1,39,40,100,1000,32
SIM_COVER_USE,2,7,0,0
SIM,2,0,0,1,8,0,3,3,1,1,38,40,1000,400,45
SIM_COVER_USE,2,8,0,0
SIM,2,0,0,1,9,1,3,3,1,1,38,39,400,1300,37
SIM_COVER_USE,2,9,0,0
SIM,2,0,0,1,10,0,1,6,1,2,37,39,1300,200,45
SIM_COVER_USE,2,10,0,0
SIM,2,0,0,1,11,1,4,4,2,2,37,38,200,1000,34
SIM_COVER_USE,2,11,0,0
SIM,2,0,0,1,12,0,3,4,1,2,36,38,1100,400,45
SIM_COVER_USE,2,12,0,0
SIM,2,0,0,1,13,1,3,3,1,1,36,38,500,1300,39
SIM_COVER_USE,2,13,0,0
SIM,2,0,0,1,14,0,0,6,0,2,36,38,1500,200,45
SIM_COVER_USE,2,14,0,0
SIM,2,0,0,1,15,1,3,4,1,2,36,38,100,1000,34
SIM_COVER_USE,2,15,0,0
SIM,2,0,0,1,16,0,0,4,0,2,36,38,1100,400,45
SIM_COVER_USE,2,16,0,0
SIM,2,0,0,1,17,1,0,4,0,2,36,38,500,1200,41
SIM_COVER_USE,2,17,0,0
SIM,2,0,0,1,18,0,0,7,0,3,33,38,1500,100,45
SIM_COVER_USE,2,18,0,0
SIM,2,0,0,1,19,1,3,6,1,2,33,38,100,900,32
SIM_COVER_USE,2,19,0,0
SIM,2,0,0,1,20,0,3,6,1,2,31,38,1000,300,45
SIM_COVER_USE,2,20,0,0
SIM,2,0,0,1,21,1,3,4,1,2,31,38,400,1100,39
SIM_COVER_USE,2,21,0,0
SIM,2,0,0,1,22,0,1,7,1,3,29,38,1300,300,45
SIM_COVER_USE,2,22,0,0
SIM,2,0,0,1,23,1,4,4,2,2,29,38,200,1100,34
SIM_COVER_USE,2,23,0,0
SIM,2,0,0,1,24,0,3,4,1,2,28,38,1100,500,45
SIM_COVER_USE,2,24,0,0
SIM,2,0,0,1,25,1,3,3,1,1,28,38,500,1400,39
SIM_COVER_USE,2,25,0,0
SIM,2,0,0,1,26,0,1,6,1,2,27,38,1400,300,45
SIM_COVER_USE,2,26,0,0
SIM,2,0,0,1,27,1,4,3,2,1,27,38,300,1200,31
SIM_COVER_USE,2,27,0,0
SIM,2,0,0,1,28,0,3,3,1,1,27,38,1200,300,45
SIM_COVER_USE,2,28,0,0
SIM,2,0,0,1,29,1,3,1,1,1,27,38,300,1200,35
SIM_COVER_USE,2,29,0,0
SIM,2,0,0,1,30,0,1,4,1,2,26,38,1200,100,45
SIM_COVER_USE,2,30,0,0
SIM,2,0,0,1,31,1,4,1,2,1,26,38,100,1000,31
SIM_COVER_USE,2,31,0,0
SIM,2,0,0,1,32,0,3,1,1,1,26,38,1000,400,45
SIM_COVER_USE,2,32,0,0
SIM,2,0,0,1,33,1,3,0,1,0,26,38,400,1400,39
SIM_COVER_USE,2,33,0,0
SIM,2,0,0,1,34,0,1,3,1,1,26,38,1300,300,45
SIM_COVER_USE,2,34,0,0
SIM,2,0,0,1,35,1,4,0,2,0,26,38,200,1300,34
SIM_COVER_USE,2,35,0,0
SIM,2,0,0,1,36,0,4,0,2,0,26,38,1000,400,45
SIM_COVER_USE,2,36,0,0
SIM,2,0,0,1,37,1,4,0,2,0,26,37,400,1400,32
SIM_COVER_USE,2,37,0,0
SIM,2,0,0,1,38,0,3,3,1,1,26,37,1300,300,45
SIM_COVER_USE,2,38,0,0
SIM,2,0,0,1,39,1,6,1,2,1,26,36,200,1200,29
SIM_COVER_USE,2,39,0,0
SIM,2,0,0,1,40,0,4,1,2,1,26,36,1000,300,45
SIM_COVER_USE,2,40,0,0
SIM,2,0,0,1,41,1,4,0,2,0,26,35,400,1300,33
SIM_COVER_USE,2,41,0,0
SIM,2,0,0,1,42,0,3,3,1,1,26,35,1300,200,45
SIM_COVER_USE,2,42,0,0
SIM,2,0,0,1,43,1,6,1,2,1,26,34,200,1100,32
SIM_COVER_USE,2,43,0,0
SIM,2,0,0,1,44,0,4,1,2,1,26,34,1000,500,45
SIM_COVER_USE,2,44,0,0
SIM,2,0,0,1,45,1,4,0,2,0,26,33,400,1500,37
SIM_COVER_USE,2,45,0,0
SIM,2,0,0,1,46,0,3,3,1,1,26,33,1300,100,45
SIM_COVER_USE,2,46,0,0
SIM,2,0,0,1,47,1,6,1,2,1,26,32,200,1000,32
SIM_COVER_USE,2,47,0,0
SIM,2,0,0,1,48,0,4,1,2,1,26,32,1000,400,45
SIM_COVER_USE,2,48,0,0
SIM,2,0,0,1,49,1,4,0,2,0,26,31,400,1400,37
SIM_COVER_USE,2,49,0,0
SIM,2,0,0,1,50,0,3,3,1,1,26,31,1300,300,45
SIM_COVER_USE,2,50,0,0
SIM,2,0,0,1,51,1,6,1,2,1,26,30,200,1200,32
SIM_COVER_USE,2,51,0,0
SIM,2,0,0,1,52,0,4,1,2,1,26,30,1000,300,45
SIM_COVER_USE,2,52,0,0
SIM,2,0,0,1,53,1,4,0,2,0,26,29,400,1300,37
SIM_COVER_USE,2,53,0,0
SIM,2,0,0,1,54,0,3,3,1,1,26,29,1300,200,45
SIM_COVER_USE,2,54,0,0
SIM,2,0,0,1,55,1,6,1,2,1,26,28,200,1100,32
SIM_COVER_USE,2,55,0,0
SIM,2,0,0,1,56,0,4,1,2,1,26,28,1000,500,45
SIM_COVER_USE,2,56,0,0
SIM,2,0,0,1,57,1,4,0,2,0,26,27,400,1500,37
SIM_COVER_USE,2,57,0,0
SIM,2,0,0,1,58,0,3,3,1,1,26,27,1300,100,45
SIM_COVER_USE,2,58,0,0
SIM,2,0,0,1,59,1,6,1,2,1,26,26,200,1000,32
SIM_COVER_USE,2,59,0,0
SIM,2,0,0,1,60,0,4,1,2,1,26,26,1000,400,45
SIM_COVER_USE,2,60,0,0
SIM,2,0,0,1,61,1,4,0,2,0,26,25,400,1400,37
SIM_COVER_USE,2,61,0,0
SIM,2,0,0,1,62,0,3,3,1,1,26,25,1300,300,45
SIM_COVER_USE,2,62,0,0
SIM,2,0,0,1,63,1,6,1,2,1,26,24,200,1200,32
SIM_COVER_USE,2,63,0,0
SIM,2,0,0,1,64,0,4,1,2,1,26,24,1000,300,45
SIM_COVER_USE,2,64,0,0
SIM,2,0,0,1,65,1,4,0,2,0,26,23,400,1300,37
SIM_COVER_USE,2,65,0,0
SIM,2,0,0,1,66,0,3,3,1,1,26,23,1300,200,45
SIM_COVER_USE,2,66,0,0
SIM,2,0,0,1,67,1,6,1,2,1,26,22,200,1100,32
SIM_COVER_USE,2,67,0,0
SIM,2,0,0,1,68,0,4,1,2,1,26,22,1000,500,45
SIM_COVER_USE,2,68,0,0
SIM,2,0,0,1,69,1,4,0,2,0,26,21,400,1500,37
SIM_COVER_USE,2,69,0,0
SIM,2,0,0,1,70,0,3,3,1,1,26,21,1300,100,45
SIM_COVER_USE,2,70,0,0
SIM,2,0,0,1,71,1,6,1,2,1,26,20,200,1000,32
SIM_COVER_USE,2,71,0,0
SIM,2,0,0,1,72,0,4,1,2,1,26,20,1000,400,45
SIM_COVER_USE,2,72,0,0
SIM,2,0,0,1,73,1,4,0,2,0,26,19,400,1400,37
SIM_COVER_USE,2,73,0,0
SIM,2,0,0,1,74,0,3,3,1,1,26,19,1300,300,45
SIM_COVER_USE,2,74,0,0
SIM,2,0,0,1,75,1,6,1,2,1,26,18,200,1200,32
SIM_COVER_USE,2,75,0,0
SIM,2,0,0,1,76,0,4,1,2,1,26,18,1000,300,45
SIM_COVER_USE,2,76,0,0
SIM,2,0,0,1,77,1,4,0,2,0,26,17,400,1300,37
SIM_COVER_USE,2,77,0,0
SIM,2,0,0,1,78,0,3,3,1,1,26,17,1300,200,45
SIM_COVER_USE,2,78,0,0
SIM,2,0,0,1,79,1,6,1,2,1,26,16,200,1100,32
SIM_COVER_USE,2,79,0,0
SIM,2,0,0,1,80,0,4,1,2,1,26,16,1000,500,45
SIM_COVER_USE,2,80,0,0
SIM_END,2,0,0,1,80,0,0
SIM,3,0,0,2,1,0,6,6,1,1,40,40,1000,0,30
SIM_COVER_USE,3,1,0,0
SIM,3,0,0,2,2,1,9,1,2,1,40,40,200,800,16
SIM_COVER_USE,3,2,0,0
SIM,3,0,0,2,3,0,4,4,1,2,40,40,1000,300,45
SIM_COVER_USE,3,3,0,0
SIM,3,0,0,2,4,1,4,1,1,1,40,40,400,1100,39
SIM_COVER_USE,3,4,0,0
SIM,3,0,0,2,5,0,1,1,1,1,40,40,1200,500,45
SIM_COVER_USE,3,5,0,0
SIM,3,0,0,2,6,1,4,0,2,0,40,39,100,1500,30
SIM_COVER_USE,3,6,0,0
SIM,3,0,0,2,7,0,3,3,1,1,40,39,1000,100,45
SIM_COVER_USE,3,7,0,0
SIM,3,0,0,2,8,1,3,3,1,1,40,38,400,1000,39
SIM_COVER_USE,3,8,0,0
SIM,3,0,0,2,9,0,3,3,1,1,39,38,1300,400,45
SIM_COVER_USE,3,9,0,0
SIM,3,0,0,2,10,1,6,1,2,1,39,37,200,1300,34
SIM_COVER_USE,3,10,0,0
SIM,3,0,0,2,11,0,4,4,2,2,38,37,1000,200,45
SIM_COVER_USE,3,11,0,0
SIM,3,0,0,2,12,1,4,3,2,1,38,36,400,1100,37
SIM_COVER_USE,3,12,0,0
SIM,3,0,0,2,13,0,3,3,1,1,38,36,1300,500,45
SIM_COVER_USE,3,13,0,0
SIM,3,0,0,2,14,1,6,0,2,0,38,36,200,1500,28
SIM_COVER_USE,3,14,0,0
SIM,3,0,0,2,15,0,4,3,2,1,38,36,1000,100,45
SIM_COVER_USE,3,15,0,0
SIM,3,0,0,2,16,1,4,0,2,0,38,36,400,1100,37
SIM_COVER_USE,3,16,0,0
SIM,3,0,0,2,17,0,4,0,2,0,38,36,1200,500,45
SIM_COVER_USE,3,17,0,0
SIM,3,0,0,2,18,1,7,0,3,0,38,33,100,1500,20
SIM_COVER_USE,3,18,0,0
SIM,3,0,0,2,19,0,6,3,2,1,38,33,900,100,45
SIM_COVER_USE,3,19,0,0
SIM,3,0,0,2,20,1,6,3,2,1,38,31,300,1000,37
SIM_COVER_USE,3,20,0,0
SIM,3,0,0,2,21,0,4,3,2,1,38,31,1100,400,45
SIM_COVER_USE,3,21,0,0
SIM,3,0,0,2,22,1,7,1,3,1,38,29,300,1300,30
SIM_COVER_USE,3,22,0,0
SIM,3,0,0,2,23,0,4,4,2,2,38,29,1100,200,45
SIM_COVER_USE,3,23,0,0
SIM,3,0,0,2,24,1,4,3,2,1,38,28,500,1100,37
SIM_COVER_USE,3,24,0,0
SIM,3,0,0,2,25,0,3,3,1,1,38,28,1400,500,45
SIM_COVER_USE,3,25,0,0
SIM,3,0,0,2,26,1,6,1,2,1,38,27,300,1400,32
SIM_COVER_USE,3,26,0,0
SIM,3,0,0,2,27,0,3,4,1,2,38,27,1200,300,45
SIM_COVER_USE,3,27,0,0
SIM,3,0,0,2,28,1,3,3,1,1,38,27,300,1200,35
SIM_COVER_USE,3,28,0,0
SIM,3,0,0,2,29,0,1,3,1,1,38,27,1200,300,45
SIM_COVER_USE,3,29,0,0
SIM,3,0,0,2,30,1,4,1,2,1,38,26,100,1200,32
SIM_COVER_USE,3,30,0,0
SIM,3,0,0,2,31,0,1,4,1,2,38,26,1000,100,45
SIM_COVER_USE,3,31,0,0
SIM,3,0,0,2,32,1,1,3,1,1,38,26,400,1000,39
SIM_COVER_USE,3,32,0,0
SIM,3,0,0,2,33,0,0,3,0,1,38,26,1400,400,45
SIM_COVER_USE,3,33,0,0
SIM,3,0,0,2,34,1,3,1,1,1,38,26,300,1300,34
SIM_COVER_USE,3,34,0,0
SIM,3,0,0,2,35,0,0,4,0,2,38,26,1300,200,45
SIM_COVER_USE,3,35,0,0
SIM,3,0,0,2,36,1,0,4,0,2,38,26,400,1000,39
SIM_COVER_USE,3,36,0,0
SIM,3,0,0,2,37,0,0,4,0,2,37,26,1400,400,45
SIM_COVER_USE,3,37,0,0
SIM,3,0,0,2,38,1,3,3,1,1,37,26,300,1300,36
SIM_COVER_USE,3,38,0,0
SIM,3,0,0,2,39,0,1,6,1,2,36,26,1200,200,45
SIM_COVER_USE,3,39,0,0
SIM,3,0,0,2,40,1,1,4,1,2,36,26,300,1000,37
SIM_COVER_USE,3,40,0,0
SIM,3,0,0,2,41,0,0,4,0,2,35,26,1300,400,45
SIM_COVER_USE,3,41,0,0
SIM,3,0,0,2,42,1,3,3,1,1,35,26,200,1300,34
SIM_COVER_USE,3,42,0,0
SIM,3,0,0,2,43,0,1,6,1,2,34,26,1100,200,45
SIM_COVER_USE,3,43,0,0
SIM,3,0,0,2,44,1,1,4,1,2,34,26,500,1000,39
SIM_COVER_USE,3,44,0,0
SIM,3,0,0,2,45,0,0,4,0,2,33,26,1500,400,45
SIM_COVER_USE,3,45,0,0
SIM,3,0,0,2,46,1,3,3,1,1,33,26,100,1300,32
SIM_COVER_USE,3,46,0,0
SIM,3,0,0,2,47,0,1,6,1,2,32,26,1000,200,45
SIM_COVER_USE,3,47,0,0
SIM,3,0,0,2,48,1,1,4,1,2,32,26,400,1000,39
SIM_COVER_USE,3,48,0,0
SIM,3,0,0,2,49,0,0,4,0,2,31,26,1400,400,45
SIM_COVER_USE,3,49,0,0
SIM,3,0,0,2,50,1,3,3,1,1,31,26,300,1300,34
SIM_COVER_USE,3,50,0,0
SIM,3,0,0,2,51,0,1,6,1,2,30,26,1200,200,45
SIM_COVER_USE,3,51,0,0
SIM,3,0,0,2,52,1,1,4,1,2,30,26,300,1000,37
SIM_COVER_USE,3,52,0,0
SIM,3,0,0,2,53,0,0,4,0,2,29,26,1300,400,45
SIM_COVER_USE,3,53,0,0
SIM,3,0,0,2,54,1,3,3,1,1,29,26,200,1300,34
SIM_COVER_USE,3,54,0,0
SIM,3,0,0,2,55,0,1,6,1,2,28,26,1100,200,45
SIM_COVER_USE,3,55,0,0
SIM,3,0,0,2,56,1,1,4,1,2,28,26,500,1000,39
SIM_COVER_USE,3,56,0,0
SIM,3,0,0,2,57,0,0,4,0,2,27,26,1500,400,45
SIM_COVER_USE,3,57,0,0
SIM,3,0,0,2,58,1,3,3,1,1,27,26,100,1300,32
SIM_COVER_USE,3,58,0,0
SIM,3,0,0,2,59,0,1,6,1,2,26,26,1000,200,45
SIM_COVER_USE,3,59,0,0
SIM,3,0,0,2,60,1,1,4,1,2,26,26,400,1000,39
SIM_COVER_USE,3,60,0,0
SIM,3,0,0,2,61,0,0,4,0,2,25,26,1400,400,45
SIM_COVER_USE,3,61,0,0
SIM,3,0,0,2,62,1,3,3,1,1,25,26,300,1300,34
SIM_COVER_USE,3,62,0,0
SIM,3,0,0,2,63,0,1,6,1,2,24,26,1200,200,45
SIM_COVER_USE,3,63,0,0
SIM,3,0,0,2,64,1,1,4,1,2,24,26,300,1000,37
SIM_COVER_USE,3,64,0,0
SIM,3,0,0,2,65,0,0,4,0,2,23,26,1300,400,45
SIM_COVER_USE,3,65,0,0
SIM,3,0,0,2,66,1,3,3,1,1,23,26,200,1300,34
SIM_COVER_USE,3,66,0,0
SIM,3,0,0,2,67,0,1,6,1,2,22,26,1100,200,45
SIM_COVER_USE,3,67,0,0
SIM,3,0,0,2,68,1,1,4,1,2,22,26,500,1000,39
SIM_COVER_USE,3,68,0,0
SIM,3,0,0,2,69,0,0,4,0,2,21,26,1500,400,45
SIM_COVER_USE,3,69,0,0
SIM,3,0,0,2,70,1,3,3,1,1,21,26,100,1300,32
SIM_COVER_USE,3,70,0,0
SIM,3,0,0,2,71,0,1,6,1,2,20,26,1000,200,45
SIM_COVER_USE,3,71,0,0
SIM,3,0,0,2,72,1,1,4,1,2,20,26,400,1000,39
SIM_COVER_USE,3,72,0,0
SIM,3,0,0,2,73,0,0,4,0,2,19,26,1400,400,45
SIM_COVER_USE,3,73,0,0
SIM,3,0,0,2,74,1,3,3,1,1,19,26,300,1300,34
SIM_COVER_USE,3,74,0,0
SIM,3,0,0,2,75,0,1,6,1,2,18,26,1200,200,45
SIM_COVER_USE,3,75,0,0
SIM,3,0,0,2,76,1,1,4,1,2,18,26,300,1000,37
SIM_COVER_USE,3,76,0,0
SIM,3,0,0,2,77,0,0,4,0,2,17,26,1300,400,45
SIM_COVER_USE,3,77,0,0
SIM,3,0,0,2,78,1,3,3,1,1,17,26,200,1300,34
SIM_COVER_USE,3,78,0,0
SIM,3,0,0,2,79,0,1,6,1,2,16,26,1100,200,45
SIM_COVER_USE,3,79,0,0
SIM,3,0,0,2,80,1,1,4,1,2,16,26,500,1000,39
SIM_COVER_USE,3,80,0,0
SIM_END,3,0,0,2,80,1,0
SIM,4,0,0,3,1,1,6,6,1,1,40,40,0,1000,0
SIM_COVER_USE,4,1,0,0
SIM,4,0,0,3,2,0,1,9,1,2,40,40,800,200,30
SIM_COVER_USE,4,2,0,0
SIM,4,0,0,3,3,1,4,4,2,1,40,40,300,1000,20
SIM_COVER_USE,4,3,0,0
SIM,4,0,0,3,4,0,1,4,1,1,40,40,1100,400,45
SIM_COVER_USE,4,4,0,0
SIM,4,0,0,3,5,1,1,1,1,1,40,40,500,1200,39
SIM_COVER_USE,4,5,0,0
SIM,4,0,0,3,6,0,0,4,0,2,39,40,1500,100,45
SIM_COVER_USE,4,6,0,0
SIM,4,0,0,3,7,1,3,3,1,1,39,40,100,1000,33
SIM_COVER_USE,4,7,0,0
SIM,4,0,0,3,8,0,3,3,1,1,38,40,1000,400,45
SIM_COVER_USE,4,8,0,0
SIM,4,0,0,3,9,1,3,1,1,1,38,40,400,1300,38
SIM_COVER_USE,4,9,0,0
SIM,4,0,0,3,10,0,1,4,1,2,37,40,1300,200,45
SIM_COVER_USE,4,10,0,0
SIM,4,0,0,3,11,1,4,1,2,1,37,40,200,1100,31
SIM_COVER_USE,4,11,0,0
SIM,4,0,0,3,12,0,3,1,1,1,37,40,1100,500,45
SIM_COVER_USE,4,12,0,0
SIM,4,0,0,3,13,1,3,0,1,0,37,40,500,1500,39
SIM_COVER_USE,4,13,0,0
SIM,4,0,0,3,14,0,1,3,1,1,37,40,1400,100,45
SIM_COVER_USE,4,14,0,0
SIM,4,0,0,3,15,1,4,0,2,0,37,40,300,1100,34
SIM_COVER_USE,4,15,0,0
SIM,4,0,0,3,16,0,4,0,2,0,37,40,1100,500,45
SIM_COVER_USE,4,16,0,0
SIM,4,0,0,3,17,1,4,0,2,0,37,39,500,1500,32
SIM_COVER_USE,4,17,0,0
SIM,4,0,0,3,18,0,3,3,1,1,37,39,1400,100,45
SIM_COVER_USE,4,18,0,0
SIM,4,0,0,3,19,1,6,1,2,1,37,38,300,1000,29
SIM_COVER_USE,4,19,0,0
SIM,4,0,0,3,20,0,4,1,2,1,37,38,1100,400,45
SIM_COVER_USE,4,20,0,0
SIM,4,0,0,3,21,1,4,0,2,0,37,37,500,1400,33
SIM_COVER_USE,4,21,0,0
SIM,4,0,0,3,22,0,3,3,1,1,37,37,1400,300,45
SIM_COVER_USE,4,22,0,0
SIM,4,0,0,3,23,1,6,1,2,1,37,36,300,1200,32
SIM_COVER_USE,4,23,0,0
SIM,4,0,0,3,24,0,4,1,2,1,37,36,1100,300,45
SIM_COVER_USE,4,24,0,0
SIM,4,0,0,3,25,1,4,0,2,0,37,35,500,1300,37
SIM_COVER_USE,4,25,0,0
SIM,4,0,0,3,26,0,3,3,1,1,37,35,1400,200,45
SIM_COVER_USE,4,26,0,0
SIM,4,0,0,3,27,1,6,1,2,1,37,34,300,1100,32
SIM_COVER_USE,4,27,0,0
SIM,4,0,0,3,28,0,4,1,2,1,37,34,1100,500,45
SIM_COVER_USE,4,28,0,0
SIM,4,0,0,3,29,1,4,0,2,0,37,33,500,1500,37
SIM_COVER_USE,4,29,0,0
SIM,4,0,0,3,30,0,3,3,1,1,37,33,1400,100,45
SIM_COVER_USE,4,30,0,0
SIM,4,0,0,3,31,1,6,1,2,1,37,32,300,1000,32
SIM_COVER_USE,4,31,0,0
SIM,4,0,0,3,32,0,4,1,2,1,37,32,1100,400,45
SIM_COVER_USE,4,32,0,0
SIM,4,0,0,3,33,1,4,0,2,0,37,31,500,1400,37
SIM_COVER_USE,4,33,0,0
SIM,4,0,0,3,34,0,3,3,1,1,37,31,1400,300,45
SIM_COVER_USE,4,34,0,0
SIM,4,0,0,3,35,1,6,1,2,1,37,30,300,1200,32
SIM_COVER_USE,4,35,0,0
SIM,4,0,0,3,36,0,4,1,2,1,37,30,1100,300,45
SIM_COVER_USE,4,36,0,0
SIM,4,0,0,3,37,1,4,0,2,0,37,29,500,1300,37
SIM_COVER_USE,4,37,0,0
SIM,4,0,0,3,38,0,3,3,1,1,37,29,1400,200,45
SIM_COVER_USE,4,38,0,0
SIM,4,0,0,3,39,1,6,1,2,1,37,28,300,1100,32
SIM_COVER_USE,4,39,0,0
SIM,4,0,0,3,40,0,4,1,2,1,37,28,1100,500,45
SIM_COVER_USE,4,40,0,0
SIM,4,0,0,3,41,1,4,0,2,0,37,27,500,1500,37
SIM_COVER_USE,4,41,0,0
SIM,4,0,0,3,42,0,3,3,1,1,37,27,1400,100,45
SIM_COVER_USE,4,42,0,0
SIM,4,0,0,3,43,1,6,1,2,1,37,26,300,1000,32
SIM_COVER_USE,4,43,0,0
SIM,4,0,0,3,44,0,4,1,2,1,37,26,1100,400,45
SIM_COVER_USE,4,44,0,0
SIM,4,0,0,3,45,1,4,0,2,0,37,25,500,1400,37
SIM_COVER_USE,4,45,0,0
SIM,4,0,0,3,46,0,3,3,1,1,37,25,1400,300,45
SIM_COVER_USE,4,46,0,0
SIM,4,0,0,3,47,1,6,1,2,1,37,24,300,1200,32
SIM_COVER_USE,4,47,0,0
SIM,4,0,0,3,48,0,4,1,2,1,37,24,1100,300,45
SIM_COVER_USE,4,48,0,0
SIM,4,0,0,3,49,1,4,0,2,0,37,23,500,1300,37
SIM_COVER_USE,4,49,0,0
SIM,4,0,0,3,50,0,3,3,1,1,37,23,1400,200,45
SIM_COVER_USE,4,50,0,0
SIM,4,0,0,3,51,1,6,1,2,1,37,22,300,1100,32
SIM_COVER_USE,4,51,0,0
SIM,4,0,0,3,52,0,4,1,2,1,37,22,1100,500,45
SIM_COVER_USE,4,52,0,0
SIM,4,0,0,3,53,1,4,0,2,0,37,21,500,1500,37
SIM_COVER_USE,4,53,0,0
SIM,4,0,0,3,54,0,3,3,1,1,37,21,1400,100,45
SIM_COVER_USE,4,54,0,0
SIM,4,0,0,3,55,1,6,1,2,1,37,20,300,1000,32
SIM_COVER_USE,4,55,0,0
SIM,4,0,0,3,56,0,4,1,2,1,37,20,1100,400,45
SIM_COVER_USE,4,56,0,0
SIM,4,0,0,3,57,1,4,0,2,0,37,19,500,1400,37
SIM_COVER_USE,4,57,0,0
SIM,4,0,0,3,58,0,3,3,1,1,37,19,1400,300,45
SIM_COVER_USE,4,58,0,0
SIM,4,0,0,3,59,1,6,1,2,1,37,18,300,1200,32
SIM_COVER_USE,4,59,0,0
SIM,4,0,0,3,60,0,4,1,2,1,37,18,1100,300,45
SIM_COVER_USE,4,60,0,0
SIM,4,0,0,3,61,1,4,0,2,0,37,17,500,1300,37
SIM_COVER_USE,4,61,0,0
SIM,4,0,0,3,62,0,3,3,1,1,37,17,1400,200,45
SIM_COVER_USE,4,62,0,0
SIM,4,0,0,3,63,1,6,1,2,1,37,16,300,1100,32
SIM_COVER_USE,4,63,0,0
SIM,4,0,0,3,64,0,4,1,2,1,37,16,1100,500,45
SIM_COVER_USE,4,64,0,0
SIM,4,0,0,3,65,1,4,0,2,0,37,15,500,1500,37
SIM_COVER_USE,4,65,0,0
SIM,4,0,0,3,66,0,3,3,1,1,37,15,1400,100,45
SIM_COVER_USE,4,66,0,0
SIM,4,0,0,3,67,1,6,1,2,1,37,14,300,1000,32
SIM_COVER_USE,4,67,0,0
SIM,4,0,0,3,68,0,4,1,2,1,37,14,1100,400,45
SIM_COVER_USE,4,68,0,0
SIM,4,0,0,3,69,1,4,0,2,0,37,13,500,1400,37
SIM_COVER_USE,4,69,0,0
SIM,4,0,0,3,70,0,3,3,1,1,37,13,1400,300,45
SIM_COVER_USE,4,70,0,0
SIM,4,0,0,3,71,1,6,1,2,1,37,12,300,1200,32
SIM_COVER_USE,4,71,0,0
SIM,4,0,0,3,72,0,4,1,2,1,37,12,1100,300,45
SIM_COVER_USE,4,72,0,0
SIM,4,0,0,3,73,1,4,0,2,0,37,11,500,1300,37
SIM_COVER_USE,4,73,0,0
SIM,4,0,0,3,74,0,3,3,1,1,37,11,1400,200,45
SIM_COVER_USE,4,74,0,0
SIM,4,0,0,3,75,1,6,1,2,1,37,10,300,1100,32
SIM_COVER_USE,4,75,0,0
SIM,4,0,0,3,76,0,4,1,2,1,37,10,1100,500,45
SIM_COVER_USE,4,76,0,0
SIM,4,0,0,3,77,1,4,0,2,0,37,9,500,1500,37
SIM_COVER_USE,4,77,0,0
SIM,4,0,0,3,78,0,3,3,1,1,37,9,1400,100,45
SIM_COVER_USE,4,78,0,0
SIM,4,0,0,3,79,1,6,1,2,1,37,8,300,1000,32
SIM_COVER_USE,4,79,0,0
SIM,4,0,0,3,80,0,4,1,2,1,37,8,1100,400,45
SIM_COVER_USE,4,80,0,0
SIM_END,4,0,0,3,80,0,0
SIM,5,0,0,4,1,0,6,6,1,1,40,40,1000,0,30
SIM_COVER_USE,5,1,0,0
SIM,5,0,0,4,2,1,9,1,2,1,40,40,200,800,12
SIM_COVER_USE,5,2,0,0
SIM,5,0,0,4,3,0,4,4,1,2,40,40,1000,300,42
SIM_COVER_USE,5,3,0,0
SIM,5,0,0,4,4,1,4,1,1,1,40,40,400,1100,36
SIM_COVER_USE,5,4,0,0
SIM,5,0,0,4,5,0,1,1,1,1,40,40,1200,500,45
SIM_COVER_USE,5,5,0,0
SIM,5,0,0,4,6,1,4,0,2,0,40,39,100,1500,30
SIM_COVER_USE,5,6,0,0
SIM,5,0,0,4,7,0,3,3,1,1,40,39,1000,100,45
SIM_COVER_USE,5,7,0,0
SIM,5,0,0,4,8,1,3,3,1,1,40,38,400,1000,39
SIM_COVER_USE,5,8,0,0
SIM,5,0,0,4,9,0,1,3,1,1,40,38,1300,400,45
SIM_COVER_USE,5,9,0,0
SIM,5,0,0,4,10,1,4,1,2,1,40,37,200,1300,32
SIM_COVER_USE,5,10,0,0
SIM,5,0,0,4,11,0,1,4,1,2,40,37,1100,200,45
SIM_COVER_USE,5,11,0,0
SIM,5,0,0,4,12,1,1,3,1,1,40,37,500,1100,39
SIM_COVER_USE,5,12,0,0
SIM,5,0,0,4,13,0,0,3,0,1,40,37,1500,500,45
SIM_COVER_USE,5,13,0,0
SIM,5,0,0,4,14,1,3,1,1,1,40,37,100,1400,32
SIM_COVER_USE,5,14,0,0
SIM,5,0,0,4,15,0,0,4,0,2,40,37,1100,300,45
SIM_COVER_USE,5,15,0,0
SIM,5,0,0,4,16,1,0,4,0,2,40,37,500,1100,41
SIM_COVER_USE,5,16,0,0
SIM,5,0,0,4,17,0,0,4,0,2,39,37,1500,500,45
SIM_COVER_USE,5,17,0,0
SIM,5,0,0,4,18,1,3,3,1,1,39,37,100,1400,34
SIM_COVER_USE,5,18,0,0
SIM,5,0,0,4,19,0,1,6,1,2,38,37,1000,300,45
SIM_COVER_USE,5,19,0,0
SIM,5,0,0,4,20,1,1,4,1,2,38,37,400,1100,39
SIM_COVER_USE,5,20,0,0
SIM,5,0,0,4,21,0,0,4,0,2,37,37,1400,500,45
SIM_COVER_USE,5,21,0,0
SIM,5,0,0,4,22,1,3,3,1,1,37,37,300,1400,34
SIM_COVER_USE,5,22,0,0
SIM,5,0,0,4,23,0,1,6,1,2,36,37,1200,300,45
SIM_COVER_USE,5,23,0,0
SIM,5,0,0,4,24,1,1,4,1,2,36,37,300,1100,37
SIM_COVER_USE,5,24,0,0
SIM,5,0,0,4,25,0,0,4,0,2,35,37,1300,500,45
SIM_COVER_USE,5,25,0,0
SIM,5,0,0,4,26,1,3,3,1,1,35,37,200,1400,34
SIM_COVER_USE,5,26,0,0
SIM,5,0,0,4,27,0,1,6,1,2,34,37,1100,300,45
SIM_COVER_USE,5,27,0,0
SIM,5,0,0,4,28,1,1,4,1,2,34,37,500,1100,39
SIM_COVER_USE,5,28,0,0
SIM,5,0,0,4,29,0,0,4,0,2,33,37,1500,500,45
SIM_COVER_USE,5,29,0,0
SIM,5,0,0,4,30,1,3,3,1,1,33,37,100,1400,32
SIM_COVER_USE,5,30,0,0
SIM,5,0,0,4,31,0,1,6,1,2,32,37,1000,300,45
SIM_COVER_USE,5,31,0,0
SIM,5,0,0,4,32,1,1,4,1,2,32,37,400,1100,39
SIM_COVER_USE,5,32,0,0
SIM,5,0,0,4,33,0,0,4,0,2,31,37,1400,500,45
SIM_COVER_USE,5,33,0,0
SIM,5,0,0,4,34,1,3,3,1,1,31,37,300,1400,34
SIM_COVER_USE,5,34,0,0
SIM,5,0,0,4,35,0,1,6,1,2,30,37,1200,300,45
SIM_COVER_USE,5,35,0,0
SIM,5,0,0,4,36,1,1,4,1,2,30,37,300,1100,37
SIM_COVER_USE,5,36,0,0
SIM,5,0,0,4,37,0,0,4,0,2,29,37,1300,500,45
SIM_COVER_USE,5,37,0,0
SIM,5,0,0,4,38,1,3,3,1,1,29,37,200,1400,34
SIM_COVER_USE,5,38,0,0
SIM,5,0,0,4,39,0,1,6,1,2,28,37,1100,300,45
SIM_COVER_USE,5,39,0,0
SIM,5,0,0,4,40,1,1,4,1,2,28,37,500,1100,39
SIM_COVER_USE,5,40,0,0
SIM,5,0,0,4,41,0,0,4,0,2,27,37,1500,500,45
SIM_COVER_USE,5,41,0,0
SIM,5,0,0,4,42,1,3,3,1,1,27,37,100,1400,32
SIM_COVER_USE,5,42,0,0
SIM,5,0,0,4,43,0,1,6,1,2,26,37,1000,300,45
SIM_COVER_USE,5,43,0,0
SIM,5,0,0,4,44,1,1,4,1,2,26,37,400,1100,39
SIM_COVER_USE,5,44,0,0
SIM,5,0,0,4,45,0,0,4,0,2,25,37,1400,500,45
SIM_COVER_USE,5,45,0,0
SIM,5,0,0,4,46,1,3,3,1,1,25,37,300,1400,34
SIM_COVER_USE,5,46,0,0
SIM,5,0,0,4,47,0,1,6,1,2,24,37,1200,300,45
SIM_COVER_USE,5,47,0,0
SIM,5,0,0,4,48,1,1,4,1,2,24,37,300,1100,37
SIM_COVER_USE,5,48,0,0
SIM,5,0,0,4,49,0,0,4,0,2,23,37,1300,500,45
SIM_COVER_USE,5,49,0,0
SIM,5,0,0,4,50,1,3,3,1,1,23,37,200,1400,34
SIM_COVER_USE,5,50,0,0
SIM,5,0,0,4,51,0,1,6,1,2,22,37,1100,300,45
SIM_COVER_USE,5,51,0,0
SIM,5,0,0,4,52,1,1,4,1,2,22,37,500,1100,39
SIM_COVER_USE,5,52,0,0
SIM,5,0,0,4,53,0,0,4,0,2,21,37,1500,500,45
SIM_COVER_USE,5,53,0,0
SIM,5,0,0,4,54,1,3,3,1,1,21,37,100,1400,32
SIM_COVER_USE,5,54,0,0
SIM,5,0,0,4,55,0,1,6,1,2,20,37,1000,300,45
SIM_COVER_USE,5,55,0,0
SIM,5,0,0,4,56,1,1,4,1,2,20,37,400,1100,39
SIM_COVER_USE,5,56,0,0
SIM,5,0,0,4,57,0,0,4,0,2,19,37,1400,500,45
SIM_COVER_USE,5,57,0,0
SIM,5,0,0,4,58,1,3,3,1,1,19,37,300,1400,34
SIM_COVER_USE,5,58,0,0
SIM,5,0,0,4,59,0,1,6,1,2,18,37,1200,300,45
SIM_COVER_USE,5,59,0,0
SIM,5,0,0,4,60,1,1,4,1,2,18,37,300,1100,37
SIM_COVER_USE,5,60,0,0
SIM,5,0,0,4,61,0,0,4,0,2,17,37,1300,500,45
SIM_COVER_USE,5,61,0,0
SIM,5,0,0,4,62,1,3,3,1,1,17,37,200,1400,34
SIM_COVER_USE,5,62,0,0
SIM,5,0,0,4,63,0,1,6,1,2,16,37,1100,300,45
SIM_COVER_USE,5,63,0,0
SIM,5,0,0,4,64,1,1,4,1,2,16,37,500,1100,39
SIM_COVER_USE,5,64,0,0
SIM,5,0,0,4,65,0,0,4,0,2,15,37,1500,500,45
SIM_COVER_USE,5,65,0,0
SIM,5,0,0,4,66,1,3,3,1,1,15,37,100,1400,32
SIM_COVER_USE,5,66,0,0
SIM,5,0,0,4,67,0,1,6,1,2,14,37,1000,300,45
SIM_COVER_USE,5,67,0,0
SIM,5,0,0,4,68,1,1,4,1,2,14,37,400,1100,39
SIM_COVER_USE,5,68,0,0
SIM,5,0,0,4,69,0,0,4,0,2,13,37,1400,500,45
SIM_COVER_USE,5,69,0,0
SIM,5,0,0,4,70,1,3,3,1,1,13,37,300,1400,34
SIM_COVER_USE,5,70,0,0
SIM,5,0,0,4,71,0,1,6,1,2,12,37,1200,300,45
SIM_COVER_USE,5,71,0,0
SIM,5,0,0,4,72,1,1,4,1,2,12,37,300,1100,37
SIM_COVER_USE,5,72,0,0
SIM,5,0,0,4,73,0,0,4,0,2,11,37,1300,500,45
SIM_COVER_USE,5,73,0,0
SIM,5,0,0,4,74,1,3,3,1,1,11,37,200,1400,34
SIM_COVER_USE,5,74,0,0
SIM,5,0,0,4,75,0,1,6,1,2,10,37,1100,300,45
SIM_COVER_USE,5,75,0,0
SIM,5,0,0,4,76,1,1,4,1,2,10,37,500,1100,39
SIM_COVER_USE,5,76,0,0
SIM,5,0,0,4,77,0,0,4,0,2,9,37,1500,500,45
SIM_COVER_USE,5,77,0,0
SIM,5,0,0,4,78,1,3,3,1,1,9,37,100,1400,32
SIM_COVER_USE,5,78,0,0
SIM,5,0,0,4,79,0,1,6,1,2,8,37,1000,300,45
SIM_COVER_USE,5,79,0,0
SIM,5,0,0,4,80,1,1,4,1,2,8,37,400,1100,39
SIM_COVER_USE,5,80,0,0
SIM_END,5,0,0,4,80,1,0
SIM,6,0,0,5,1,1,6,6,1,1,40,40,0,1000,0
SIM_COVER_USE,6,1,0,0
SIM,6,0,0,5,2,0,1,9,1,2,40,40,800,200,30
SIM_COVER_USE,6,2,0,0
SIM,6,0,0,5,3,1,4,4,2,1,40,40,300,1000,21
SIM_COVER_USE,6,3,0,0
SIM,6,0,0,5,4,0,1,4,1,1,40,40,1100,400,45
SIM_COVER_USE,6,4,0,0
SIM,6,0,0,5,5,1,1,1,1,1,40,40,500,1200,39
SIM_COVER_USE,6,5,0,0
SIM,6,0,0,5,6,0,0,4,0,2,39,40,1500,100,45
SIM_COVER_USE,6,6,0,0
SIM,6,0,0,5,7,1,3,3,1,1,39,40,100,1000,33
SIM_COVER_USE,6,7,0,0
SIM,6,0,0,5,8,0,3,3,1,1,38,40,1000,400,45
SIM_COVER_USE,6,8,0,0
SIM,6,0,0,5,9,1,3,1,1,1,38,40,400,1300,38
SIM_COVER_USE,6,9,0,0
SIM,6,0,0,5,10,0,1,4,1,2,37,40,1300,200,45
SIM_COVER_USE,6,10,0,0
SIM,6,0,0,5,11,1,4,1,2,1,37,40,200,1100,31
SIM_COVER_USE,6,11,0,0
SIM,6,0,0,5,12,0,3,1,1,1,37,40,1100,500,45
SIM_COVER_USE,6,12,0,0
SIM,6,0,0,5,13,1,3,0,1,0,37,40,500,1500,39
SIM_COVER_USE,6,13,0,0
SIM,6,0,0,5,14,0,1,3,1,1,37,40,1400,100,45
SIM_COVER_USE,6,14,0,0
SIM,6,0,0,5,15,1,4,0,2,0,37,40,300,1100,34
SIM_COVER_USE,6,15,0,0
SIM,6,0,0,5,16,0,4,0,2,0,37,40,1100,500,45
SIM_COVER_USE,6,16,0,0
SIM,6,0,0,5,17,1,4,0,2,0,37,39,500,1500,32
SIM_COVER_USE,6,17,0,0
SIM,6,0,0,5,18,0,3,3,1,1,37,39,1400,100,45
SIM_COVER_USE,6,18,0,0
SIM,6,0,0,5,19,1,6,1,2,1,37,38,300,1000,29
SIM_COVER_USE,6,19,0,0
SIM,6,0,0,5,20,0,4,1,2,1,37,38,1100,400,45
SIM_COVER_USE,6,20,0,0
SIM,6,0,0,5,21,1,4,0,2,0,37,37,500,1400,33
SIM_COVER_USE,6,21,0,0
SIM,6,0,0,5,22,0,3,3,1,1,37,37,1400,300,45
SIM_COVER_USE,6,22,0,0
SIM,6,0,0,5,23,1,6,1,2,1,37,36,300,1200,32
SIM_COVER_USE,6,23,0,0
SIM,6,0,0,5,24,0,4,1,2,1,37,36,1100,300,45
SIM_COVER_USE,6,24,0,0
SIM,6,0,0,5,25,1,4,0,2,0,37,35,500,1300,37
SIM_COVER_USE,6,25,0,0
SIM,6,0,0,5,26,0,3,3,1,1,37,35,1400,200,45
SIM_COVER_USE,6,26,0,0
SIM,6,0,0,5,27,1,6,1,2,1,37,34,300,1100,32
SIM_COVER_USE,6,27,0,0
SIM,6,0,0,5,28,0,4,1,2,1,37,34,1100,500,45
SIM_COVER_USE,6,28,0,0
SIM,6,0,0,5,29,1,4,0,2,0,37,33,500,1500,37
SIM_COVER_USE,6,29,0,0
SIM,6,0,0,5,30,0,3,3,1,1,37,33,1400,100,45
SIM_COVER_USE,6,30,0,0
SIM,6,0,0,5,31,1,6,1,2,1,37,32,300,1000,32
SIM_COVER_USE,6,31,0,0
SIM,6,0,0,5,32,0,4,1,2,1,37,32,1100,400,45
SIM_COVER_USE,6,32,0,0
SIM,6,0,0,5,33,1,4,0,2,0,37,31,500,1400,37
SIM_COVER_USE,6,33,0,0
SIM,6,0,0,5,34,0,3,3,1,1,37,31,1400,300,45
SIM_COVER_USE,6,34,0,0
SIM,6,0,0,5,35,1,6,1,2,1,37,30,300,1200,32
SIM_COVER_USE,6,35,0,0
SIM,6,0,0,5,36,0,4,1,2,1,37,30,1100,300,45
SIM_COVER_USE,6,36,0,0
SIM,6,0,0,5,37,1,4,0,2,0,37,29,500,1300,37
SIM_COVER_USE,6,37,0,0
SIM,6,0,0,5,38,0,3,3,1,1,37,29,1400,200,45
SIM_COVER_USE,6,38,0,0
SIM,6,0,0,5,39,1,6,1,2,1,37,28,300,1100,32
SIM_COVER_USE,6,39,0,0
SIM,6,0,0,5,40,0,4,1,2,1,37,28,1100,500,45
SIM_COVER_USE,6,40,0,0
SIM,6,0,0,5,41,1,4,0,2,0,37,27,500,1500,37
SIM_COVER_USE,6,41,0,0
SIM,6,0,0,5,42,0,3,3,1,1,37,27,1400,100,45
SIM_COVER_USE,6,42,0,0
SIM,6,0,0,5,43,1,6,1,2,1,37,26,300,1000,32
SIM_COVER_USE,6,43,0,0
SIM,6,0,0,5,44,0,4,1,2,1,37,26,1100,400,45
SIM_COVER_USE,6,44,0,0
SIM,6,0,0,5,45,1,4,0,2,0,37,25,500,1400,37
SIM_COVER_USE,6,45,0,0
SIM,6,0,0,5,46,0,3,3,1,1,37,25,1400,300,45
SIM_COVER_USE,6,46,0,0
SIM,6,0,0,5,47,1,6,1,2,1,37,24,300,1200,32
SIM_COVER_USE,6,47,0,0
SIM,6,0,0,5,48,0,4,1,2,1,37,24,1100,300,45
SIM_COVER_USE,6,48,0,0
SIM,6,0,0,5,49,1,4,0,2,0,37,23,500,1300,37
SIM_COVER_USE,6,49,0,0
SIM,6,0,0,5,50,0,3,3,1,1,37,23,1400,200,45
SIM_COVER_USE,6,50,0,0
SIM,6,0,0,5,51,1,6,1,2,1,37,22,300,1100,32
SIM_COVER_USE,6,51,0,0
SIM,6,0,0,5,52,0,4,1,2,1,37,22,1100,500,45
SIM_COVER_USE,6,52,0,0
SIM,6,0,0,5,53,1,4,0,2,0,37,21,500,1500,37
SIM_COVER_USE,6,53,0,0
SIM,6,0,0,5,54,0,3,3,1,1,37,21,1400,100,45
SIM_COVER_USE,6,54,0,0
SIM,6,0,0,5,55,1,6,1,2,1,37,20,300,1000,32
SIM_COVER_USE,6,55,0,0
SIM,6,0,0,5,56,0,4,1,2,1,37,20,1100,400,45
SIM_COVER_USE,6,56,0,0
SIM,6,0,0,5,57,1,4,0,2,0,37,19,500,1400,37
SIM_COVER_USE,6,57,0,0
SIM,6,0,0,5,58,0,3,3,1,1,37,19,1400,300,45
SIM_COVER_USE,6,58,0,0
SIM,6,0,0,5,59,1,6,1,2,1,37,18,300,1200,32
SIM_COVER_USE,6,59,0,0
SIM,6,0,0,5,60,0,4,1,2,1,37,18,1100,300,45
SIM_COVER_USE,6,60,0,0
SIM,6,0,0,5,61,1,4,0,2,0,37,17,500,1300,37
SIM_COVER_USE,6,61,0,0
SIM,6,0,0,5,62,0,3,3,1,1,37,17,1400,200,45
SIM_COVER_USE,6,62,0,0
SIM,6,0,0,5,63,1,6,1,2,1,37,16,300,1100,32
SIM_COVER_USE,6,63,0,0
SIM,6,0,0,5,64,0,4,1,2,1,37,16,1100,500,45
SIM_COVER_USE,6,64,0,0
SIM,6,0,0,5,65,1,4,0,2,0,37,15,500,1500,37
SIM_COVER_USE,6,65,0,0
SIM,6,0,0,5,66,0,3,3,1,1,37,15,1400,100,45
SIM_COVER_USE,6,66,0,0
SIM,6,0,0,5,67,1,6,1,2,1,37,14,300,1000,32
SIM_COVER_USE,6,67,0,0
SIM,6,0,0,5,68,0,4,1,2,1,37,14,1100,400,45
SIM_COVER_USE,6,68,0,0
SIM,6,0,0,5,69,1,4,0,2,0,37,13,500,1400,37
SIM_COVER_USE,6,69,0,0
SIM,6,0,0,5,70,0,3,3,1,1,37,13,1400,300,45
SIM_COVER_USE,6,70,0,0
SIM,6,0,0,5,71,1,6,1,2,1,37,12,300,1200,32
SIM_COVER_USE,6,71,0,0
SIM,6,0,0,5,72,0,4,1,2,1,37,12,1100,300,45
SIM_COVER_USE,6,72,0,0
SIM,6,0,0,5,73,1,4,0,2,0,37,11,500,1300,37
SIM_COVER_USE,6,73,0,0
SIM,6,0,0,5,74,0,3,3,1,1,37,11,1400,200,45
SIM_COVER_USE,6,74,0,0
SIM,6,0,0,5,75,1,6,1,2,1,37,10,300,1100,32
SIM_COVER_USE,6,75,0,0
SIM,6,0,0,5,76,0,4,1,2,1,37,10,1100,500,45
SIM_COVER_USE,6,76,0,0
SIM,6,0,0,5,77,1,4,0,2,0,37,9,500,1500,37
SIM_COVER_USE,6,77,0,0
SIM,6,0,0,5,78,0,3,3,1,1,37,9,1400,100,45
SIM_COVER_USE,6,78,0,0
SIM,6,0,0,5,79,1,6,1,2,1,37,8,300,1000,32
SIM_COVER_USE,6,79,0,0
SIM,6,0,0,5,80,0,4,1,2,1,37,8,1100,400,45
SIM_COVER_USE,6,80,0,0
SIM_END,6,0,0,5,80,0,0
SIM,7,0,0,6,1,0,6,6,1,1,40,40,1000,0,30
SIM_COVER_USE,7,1,1,1
SIM,7,0,0,6,2,1,9,6,2,1,40,40,200,800,21
SIM_COVER_USE,7,2,2,1
SIM,7,0,0,6,3,0,6,9,1,2,40,40,1000,300,45
SIM_COVER_USE,7,3,1,1
SIM,7,0,0,6,4,1,6,6,1,1,40,40,400,1100,35
SIM_COVER_USE,7,4,0,1
SIM,7,0,0,6,5,0,3,6,1,1,40,40,1200,500,45
SIM_COVER_USE,7,5,0,0
SIM,7,0,0,6,6,1,6,1,2,1,40,40,100,1300,33
SIM_COVER_USE,7,6,0,0
SIM,7,0,0,6,7,0,1,4,1,2,40,40,900,200,45
SIM_COVER_USE,7,7,0,0
SIM,7,0,0,6,8,1,1,3,1,1,40,40,300,1100,39
SIM_COVER_USE,7,8,0,0
SIM,7,0,0,6,9,0,0,3,0,1,40,40,1300,500,45
SIM_COVER_USE,7,9,0,0
SIM,7,0,0,6,10,1,3,1,1,1,40,40,200,1400,36
SIM_COVER_USE,7,10,0,0
SIM,7,0,0,6,11,0,0,4,0,2,40,40,1200,300,45
SIM_COVER_USE,7,11,0,0
SIM,7,0,0,6,12,1,0,4,0,2,40,40,300,1100,39
SIM_COVER_USE,7,12,0,0
SIM,7,0,0,6,13,0,0,4,0,2,38,40,1300,500,45
SIM_COVER_USE,7,13,0,0
SIM,7,0,0,6,14,1,3,3,1,1,38,40,200,1400,36
SIM_COVER_USE,7,14,0,0
SIM,7,0,0,6,15,0,1,6,1,2,37,40,1100,300,45
SIM_COVER_USE,7,15,0,0
SIM,7,0,0,6,16,1,1,4,1,2,37,40,500,1100,39
SIM_COVER_USE,7,16,0,0
SIM,7,0,0,6,17,0,0,4,0,2,36,40,1500,500,45
SIM_COVER_USE,7,17,0,0
SIM,7,0,0,6,18,1,3,3,1,1,36,40,100,1400,34
SIM_COVER_USE,7,18,0,0
SIM,7,0,0,6,19,0,1,6,1,2,35,40,1000,300,45
SIM_COVER_USE,7,19,0,0
SIM,7,0,0,6,20,1,1,4,1,2,35,40,400,1100,39
SIM_COVER_USE,7,20,0,0
SIM,7,0,0,6,21,0,0,4,0,2,34,40,1400,500,45
SIM_COVER_USE,7,21,0,0
SIM,7,0,0,6,22,1,3,3,1,1,34,40,300,1400,36
SIM_COVER_USE,7,22,0,0
SIM,7,0,0,6,23,0,1,6,1,2,33,40,1200,300,45
SIM_COVER_USE,7,23,0,0
SIM,7,0,0,6,24,1,1,4,1,2,33,40,300,1100,37
SIM_COVER_USE,7,24,0,0
SIM,7,0,0,6,25,0,0,4,0,2,32,40,1300,500,45
SIM_COVER_USE,7,25,0,0
SIM,7,0,0,6,26,1,3,3,1,1,32,40,200,1400,36
SIM_COVER_USE,7,26,0,0
SIM,7,0,0,6,27,0,1,6,1,2,31,40,1100,300,45
SIM_COVER_USE,7,27,0,0
SIM,7,0,0,6,28,1,1,4,1,2,31,40,500,1100,39
SIM_COVER_USE,7,28,0,0
SIM,7,0,0,6,29,0,0,4,0,2,30,40,1500,500,45
SIM_COVER_USE,7,29,0,0
SIM,7,0,0,6,30,1,3,3,1,1,30,40,100,1400,34
SIM_COVER_USE,7,30,0,0
SIM,7,0,0,6,31,0,1,6,1,2,29,40,1000,300,45
SIM_COVER_USE,7,31,0,0
SIM,7,0,0,6,32,1,1,4,1,2,29,40,400,1100,39
SIM_COVER_USE,7,32,0,0
SIM,7,0,0,6,33,0,0,4,0,2,28,40,1400,500,45
SIM_COVER_USE,7,33,0,0
SIM,7,0,0,6,34,1,3,3,1,1,28,40,300,1400,36
SIM_COVER_USE,7,34,0,0
SIM,7,0,0,6,35,0,1,6,1,2,27,40,1200,300,45
SIM_COVER_USE,7,35,0,0
SIM,7,0,0,6,36,1,1,4,1,2,27,40,300,1100,37
SIM_COVER_USE,7,36,0,0
SIM,7,0,0,6,37,0,0,4,0,2,26,40,1300,500,45
SIM_COVER_USE,7,37,0,0
SIM,7,0,0,6,38,1,3,3,1,1,26,40,200,1400,36
SIM_COVER_USE,7,38,0,0
SIM,7,0,0,6,39,0,1,6,1,2,25,40,1100,300,45
SIM_COVER_USE,7,39,0,0
SIM,7,0,0,6,40,1,1,4,1,2,25,40,500,1100,39
SIM_COVER_USE,7,40,0,0
SIM,7,0,0,6,41,0,0,4,0,2,24,40,1500,500,45
SIM_COVER_USE,7,41,0,0
SIM,7,0,0,6,42,1,3,3,1,1,24,40,100,1400,34
SIM_COVER_USE,7,42,0,0
SIM,7,0,0,6,43,0,1,6,1,2,23,40,1000,300,45
SIM_COVER_USE,7,43,0,0
SIM,7,0,0,6,44,1,1,4,1,2,23,40,400,1100,39
SIM_COVER_USE,7,44,0,0
SIM,7,0,0,6,45,0,0,4,0,2,22,40,1400,500,45
SIM_COVER_USE,7,45,0,0
SIM,7,0,0,6,46,1,3,3,1,1,22,40,300,1400,36
SIM_COVER_USE,7,46,0,0
SIM,7,0,0,6,47,0,1,6,1,2,21,40,1200,300,45
SIM_COVER_USE,7,47,0,0
SIM,7,0,0,6,48,1,1,4,1,2,21,40,300,1100,37
SIM_COVER_USE,7,48,0,0
SIM,7,0,0,6,49,0,0,4,0,2,20,40,1300,500,45
SIM_COVER_USE,7,49,0,0
SIM,7,0,0,6,50,1,3,3,1,1,20,40,200,1400,36
SIM_COVER_USE,7,50,0,0
SIM,7,0,0,6,51,0,1,6,1,2,19,40,1100,300,45
SIM_COVER_USE,7,51,0,0
SIM,7,0,0,6,52,1,1,4,1,2,19,40,500,1100,39
SIM_COVER_USE,7,52,0,0
SIM,7,0,0,6,53,0,0,4,0,2,18,40,1500,500,45
SIM_COVER_USE,7,53,0,0
SIM,7,0,0,6,54,1,3,3,1,1,18,40,100,1400,34
SIM_COVER_USE,7,54,0,0
SIM,7,0,0,6,55,0,1,6,1,2,17,40,1000,300,45
SIM_COVER_USE,7,55,0,0
SIM,7,0,0,6,56,1,1,4,1,2,17,40,400,1100,39
SIM_COVER_USE,7,56,0,0
SIM,7,0,0,6,57,0,0,4,0,2,16,40,1400,500,45
SIM_COVER_USE,7,57,0,0
SIM,7,0,0,6,58,1,3,3,1,1,16,40,300,1400,36
SIM_COVER_USE,7,58,0,0
SIM,7,0,0,6,59,0,1,6,1,2,15,40,1200,300,45
SIM_COVER_USE,7,59,0,0
SIM,7,0,0,6,60,1,1,4,1,2,15,40,300,1100,37
SIM_COVER_USE,7,60,0,0
SIM,7,0,0,6,61,0,0,4,0,2,14,40,1300,500,45
SIM_COVER_USE,7,61,0,0
SIM,7,0,0,6,62,1,3,3,1,1,14,40,200,1400,36
SIM_COVER_USE,7,62,0,0
SIM,7,0,0,6,63,0,1,6,1,2,13,40,1100,300,45
SIM_COVER_USE,7,63,0,0
SIM,7,0,0,6,64,1,1,4,1,2,13,40,500,1100,39
SIM_COVER_USE,7,64,0,0
SIM,7,0,0,6,65,0,0,4,0,2,12,40,1500,500,45
SIM_COVER_USE,7,65,0,0
SIM,7,0,0,6,66,1,3,3,1,1,12,40,100,1400,34
SIM_COVER_USE,7,66,0,0
SIM,7,0,0,6,67,0,1,6,1,2,11,40,1000,300,45
SIM_COVER_USE,7,67,0,0
SIM,7,0,0,6,68,1,1,4,1,2,11,40,400,1100,39
SIM_COVER_USE,7,68,0,0
SIM,7,0,0,6,69,0,0,4,0,2,10,40,1400,500,45
SIM_COVER_USE,7,69,0,0
SIM,7,0,0,6,70,1,3,3,1,1,10,40,300,1400,36
SIM_COVER_USE,7,70,0,0
SIM,7,0,0,6,71,0,1,6,1,2,9,40,1200,300,45
SIM_COVER_USE,7,71,0,0
SIM,7,0,0,6,72,1,1,4,1,2,9,40,300,1100,37
SIM_COVER_USE,7,72,0,0
SIM,7,0,0,6,73,0,0,4,0,2,8,40,1300,500,45
SIM_COVER_USE,7,73,0,0
SIM,7,0,0,6,74,1,3,3,1,1,8,40,200,1400,36
SIM_COVER_USE,7,74,0,0
SIM,7,0,0,6,75,0,1,6,1,2,7,40,1100,300,45
SIM_COVER_USE,7,75,0,0
SIM,7,0,0,6,76,1,1,4,1,2,7,40,500,1100,39
SIM_COVER_USE,7,76,0,0
SIM,7,0,0,6,77,0,0,4,0,2,6,40,1500,500,45
SIM_COVER_USE,7,77,0,0
SIM,7,0,0,6,78,1,3,3,1,1,6,40,100,1400,34
SIM_COVER_USE,7,78,0,0
SIM,7,0,0,6,79,0,1,6,1,2,5,40,1000,300,45
SIM_COVER_USE,7,79,0,0
SIM,7,0,0,6,80,1,1,4,1,2,5,40,400,1100,39
SIM_COVER_USE,7,80,0,0
SIM_END,7,0,0,6,80,1,0
SIM,8,0,0,7,1,1,6,6,1,1,40,40,0,1000,0
SIM_COVER_USE,8,1,1,1
SIM,8,0,0,7,2,0,6,9,1,2,40,40,800,200,30
SIM_COVER_USE,8,2,1,2
SIM,8,0,0,7,3,1,9,6,2,1,40,40,300,1000,21
SIM_COVER_USE,8,3,1,1
SIM,8,0,0,7,4,0,6,6,1,1,40,40,1100,400,45
SIM_COVER_USE,8,4,1,0
SIM,8,0,0,7,5,1,6,3,1,1,40,40,500,1200,29
SIM_COVER_USE,8,5,0,0
SIM,8,0,0,7,6,0,1,6,1,2,40,40,1300,100,45
SIM_COVER_USE,8,6,0,0
SIM,8,0,0,7,7,1,4,1,2,1,40,40,200,900,31
SIM_COVER_USE,8,7,0,0
SIM,8,0,0,7,8,0,1,1,1,1,40,40,1000,300,45
SIM_COVER_USE,8,8,0,0
SIM,8,0,0,7,9,1,1,0,1,0,40,40,400,1300,39
SIM_COVER_USE,8,9,0,0
SIM,8,0,0,7,10,0,0,3,0,1,40,40,1400,200,45
SIM_COVER_USE,8,10,0,0
SIM,8,0,0,7,11,1,3,1,1,1,40,40,300,1100,35
SIM_COVER_USE,8,11,0,0
SIM,8,0,0,7,12,0,1,1,1,1,40,40,1200,500,45
SIM_COVER_USE,8,12,0,0
SIM,8,0,0,7,13,1,1,0,1,0,40,40,300,1500,37
SIM_COVER_USE,8,13,0,0
SIM,8,0,0,7,14,0,0,3,0,1,40,40,1300,100,45
SIM_COVER_USE,8,14,0,0
SIM,8,0,0,7,15,1,3,1,1,1,40,40,200,1000,35
SIM_COVER_USE,8,15,0,0
SIM,8,0,0,7,16,0,1,1,1,1,40,40,1100,400,45
SIM_COVER_USE,8,16,0,0
SIM,8,0,0,7,17,1,1,0,1,0,40,40,500,1400,39
SIM_COVER_USE,8,17,0,0
SIM,8,0,0,7,18,0,0,3,0,1,40,40,1500,300,45
SIM_COVER_USE,8,18,0,0
SIM,8,0,0,7,19,1,3,1,1,1,40,40,100,1200,33
SIM_COVER_USE,8,19,0,0
SIM,8,0,0,7,20,0,1,1,1,1,40,40,1000,300,45
SIM_COVER_USE,8,20,0,0
SIM,8,0,0,7,21,1,1,0,1,0,40,40,400,1300,39
SIM_COVER_USE,8,21,0,0
SIM,8,0,0,7,22,0,0,3,0,1,40,40,1400,200,45
SIM_COVER_USE,8,22,0,0
SIM,8,0,0,7,23,1,3,1,1,1,40,40,300,1100,35
SIM_COVER_USE,8,23,0,0
SIM,8,0,0,7,24,0,1,1,1,1,40,40,1200,500,45
SIM_COVER_USE,8,24,0,0
SIM,8,0,0,7,25,1,1,0,1,0,40,40,300,1500,37
SIM_COVER_USE,8,25,0,0
SIM,8,0,0,7,26,0,0,3,0,1,40,40,1300,100,45
SIM_COVER_USE,8,26,0,0
SIM,8,0,0,7,27,1,3,1,1,1,40,40,200,1000,35
SIM_COVER_USE,8,27,0,0
SIM,8,0,0,7,28,0,1,1,1,1,40,40,1100,400,45
SIM_COVER_USE,8,28,0,0
SIM,8,0,0,7,29,1,1,0,1,0,40,40,500,1400,39
SIM_COVER_USE,8,29,0,0
SIM,8,0,0,7,30,0,0,3,0,1,40,40,1500,300,45
SIM_COVER_USE,8,30,0,0
SIM,8,0,0,7,31,1,3,1,1,1,40,40,100,1200,33
SIM_COVER_USE,8,31,0,0
SIM,8,0,0,7,32,0,1,1,1,1,40,40,1000,300,45
SIM_COVER_USE,8,32,0,0
SIM,8,0,0,7,33,1,1,0,1,0,40,40,400,1300,39
SIM_COVER_USE,8,33,0,0
SIM,8,0,0,7,34,0,0,3,0,1,40,40,1400,200,45
SIM_COVER_USE,8,34,0,0
SIM,8,0,0,7,35,1,3,1,1,1,40,40,300,1100,35
SIM_COVER_USE,8,35,0,0
SIM,8,0,0,7,36,0,1,1,1,1,40,40,1200,500,45
SIM_COVER_USE,8,36,0,0
SIM,8,0,0,7,37,1,1,0,1,0,40,40,300,1500,37
SIM_COVER_USE,8,37,0,0
SIM,8,0,0,7,38,0,0,3,0,1,40,40,1300,100,45
SIM_COVER_USE,8,38,0,0
SIM,8,0,0,7,39,1,3,1,1,1,40,40,200,1000,35
SIM_COVER_USE,8,39,0,0
SIM,8,0,0,7,40,0,1,1,1,1,40,40,1100,400,45
SIM_COVER_USE,8,40,0,0
SIM,8,0,0,7,41,1,1,0,1,0,40,40,500,1400,39
SIM_COVER_USE,8,41,0,0
SIM,8,0,0,7,42,0,0,3,0,1,40,40,1500,300,45
SIM_COVER_USE,8,42,0,0
SIM,8,0,0,7,43,1,3,1,1,1,40,40,100,1200,33
SIM_COVER_USE,8,43,0,0
SIM,8,0,0,7,44,0,1,1,1,1,40,40,1000,300,45
SIM_COVER_USE,8,44,0,0
SIM,8,0,0,7,45,1,1,0,1,0,40,40,400,1300,39
SIM_COVER_USE,8,45,0,0
SIM,8,0,0,7,46,0,0,3,0,1,40,40,1400,200,45
SIM_COVER_USE,8,46,0,0
SIM,8,0,0,7,47,1,3,1,1,1,40,40,300,1100,35
SIM_COVER_USE,8,47,0,0
SIM,8,0,0,7,48,0,1,1,1,1,40,40,1200,500,45
SIM_COVER_USE,8,48,0,0
SIM,8,0,0,7,49,1,1,0,1,0,40,40,300,1500,37
SIM_COVER_USE,8,49,0,0
SIM,8,0,0,7,50,0,0,3,0,1,40,40,1300,100,45
SIM_COVER_USE,8,50,0,0
SIM,8,0,0,7,51,1,3,1,1,1,40,40,200,1000,35
SIM_COVER_USE,8,51,0,0
SIM,8,0,0,7,52,0,1,1,1,1,40,40,1100,400,45
SIM_COVER_USE,8,52,0,0
SIM,8,0,0,7,53,1,1,0,1,0,40,40,500,1400,39
SIM_COVER_USE,8,53,0,0
SIM,8,0,0,7,54,0,0,3,0,1,40,40,1500,300,45
SIM_COVER_USE,8,54,0,0
SIM,8,0,0,7,55,1,3,1,1,1,40,40,100,1200,33
SIM_COVER_USE,8,55,0,0
SIM,8,0,0,7,56,0,1,1,1,1,40,40,1000,300,45
SIM_COVER_USE,8,56,0,0
SIM,8,0,0,7,57,1,1,0,1,0,40,40,400,1300,39
SIM_COVER_USE,8,57,0,0
SIM,8,0,0,7,58,0,0,3,0,1,40,40,1400,200,45
SIM_COVER_USE,8,58,0,0
SIM,8,0,0,7,59,1,3,1,1,1,40,40,300,1100,35
SIM_COVER_USE,8,59,0,0
SIM,8,0,0,7,60,0,1,1,1,1,40,40,1200,500,45
SIM_COVER_USE,8,60,0,0
SIM,8,0,0,7,61,1,1,0,1,0,40,40,300,1500,37
SIM_COVER_USE,8,61,0,0
SIM,8,0,0,7,62,0,0,3,0,1,40,40,1300,100,45
SIM_COVER_USE,8,62,0,0
SIM,8,0,0,7,63,1,3,1,1,1,40,40,200,1000,35
SIM_COVER_USE,8,63,0,0
SIM,8,0,0,7,64,0,1,1,1,1,40,40,1100,400,45
SIM_COVER_USE,8,64,0,0
SIM,8,0,0,7,65,1,1,0,1,0,40,40,500,1400,39
SIM_COVER_USE,8,65,0,0
SIM,8,0,0,7,66,0,0,3,0,1,40,40,1500,300,45
SIM_COVER_USE,8,66,0,0
SIM,8,0,0,7,67,1,3,1,1,1,40,40,100,1200,33
SIM_COVER_USE,8,67,0,0
SIM,8,0,0,7,68,0,1,1,1,1,40,40,1000,300,45
SIM_COVER_USE,8,68,0,0
SIM,8,0,0,7,69,1,1,0,1,0,40,40,400,1300,39
SIM_COVER_USE,8,69,0,0
SIM,8,0,0,7,70,0,0,3,0,1,40,40,1400,200,45
SIM_COVER_USE,8,70,0,0
SIM,8,0,0,7,71,1,3,1,1,1,40,40,300,1100,35
SIM_COVER_USE,8,71,0,0
SIM,8,0,0,7,72,0,1,1,1,1,40,40,1200,500,45
SIM_COVER_USE,8,72,0,0
SIM,8,0,0,7,73,1,1,0,1,0,40,40,300,1500,37
SIM_COVER_USE,8,73,0,0
SIM,8,0,0,7,74,0,0,3,0,1,40,40,1300,100,45
SIM_COVER_USE,8,74,0,0
SIM,8,0,0,7,75,1,3,1,1,1,40,40,200,1000,35
SIM_COVER_USE,8,75,0,0
SIM,8,0,0,7,76,0,1,1,1,1,40,40,1100,400,45
SIM_COVER_USE,8,76,0,0
SIM,8,0,0,7,77,1,1,0,1,0,40,40,500,1400,39
SIM_COVER_USE,8,77,0,0
SIM,8,0,0,7,78,0,0,3,0,1,40,40,1500,300,45
SIM_COVER_USE,8,78,0,0
SIM,8,0,0,7,79,1,3,1,1,1,40,40,100,1200,33
SIM_COVER_USE,8,79,0,0
SIM,8,0,0,7,80,0,1,1,1,1,40,40,1000,300,45
SIM_COVER_USE,8,80,0,0
SIM_END,8,0,0,7,80,0,0
SIM,9,0,0,8,1,0,6,6,1,1,40,40,1000,0,30
SIM_COVER_USE,9,1,0,0
SIM,9,0,0,8,2,1,9,3,2,1,40,39,200,800,15
SIM_COVER_USE,9,2,1,0
SIM,9,0,0,8,3,0,6,6,1,2,39,39,1000,300,45
SIM_COVER_USE,9,3,1,1
SIM,9,0,0,8,4,1,6,3,1,1,39,39,400,1100,35
SIM_COVER_USE,9,4,0,1
SIM,9,0,0,8,5,0,3,3,1,1,39,39,1200,500,45
SIM_COVER_USE,9,5,0,0
SIM,9,0,0,8,6,1,6,0,2,0,39,38,100,1500,30
SIM_COVER_USE,9,6,0,0
SIM,9,0,0,8,7,0,4,3,2,1,39,38,800,100,45
SIM_COVER_USE,9,7,0,0
SIM,9,0,0,8,8,1,4,0,2,0,39,37,500,1100,39
SIM_COVER_USE,9,8,0,0
SIM,9,0,0,8,9,0,4,0,2,0,39,37,1200,500,45
SIM_COVER_USE,9,9,0,0
SIM,9,0,0,8,10,1,7,0,3,0,39,35,100,1500,22
SIM_COVER_USE,9,10,0,0
SIM,9,0,0,8,11,0,6,3,2,1,39,35,800,100,45
SIM_COVER_USE,9,11,0,0
SIM,9,0,0,8,12,1,6,0,2,0,39,34,500,1100,37
SIM_COVER_USE,9,12,0,0
SIM,9,0,0,8,13,0,6,0,2,0,39,34,1200,500,45
SIM_COVER_USE,9,13,0,0
SIM,9,0,0,8,14,1,9,0,3,0,39,31,100,1500,24
SIM_COVER_USE,9,14,0,0
SIM,9,0,0,8,15,0,7,3,3,1,39,31,700,100,45
SIM_COVER_USE,9,15,0,0
SIM,9,0,0,8,16,1,7,0,3,0,39,29,400,1100,37
SIM_COVER_USE,9,16,0,0
SIM,9,0,0,8,17,0,7,0,3,0,39,29,1000,500,45
SIM_COVER_USE,9,17,0,0
SIM,9,0,0,8,18,1,10,0,4,0,39,26,200,1500,31
SIM_COVER_USE,9,18,0,0
SIM,9,0,0,8,19,0,9,3,3,1,39,26,900,100,45
SIM_COVER_USE,9,19,0,0
SIM,9,0,0,8,20,1,9,3,3,1,39,23,300,1000,34
SIM_COVER_USE,9,20,0,0
SIM,9,0,0,8,21,0,7,3,3,1,39,23,1000,400,45
SIM_COVER_USE,9,21,0,0
SIM,9,0,0,8,22,1,10,1,4,1,39,20,200,1300,28
SIM_COVER_USE,9,22,0,0
SIM,9,0,0,8,23,0,7,4,3,2,39,20,900,200,45
SIM_COVER_USE,9,23,0,0
SIM,9,0,0,8,24,1,7,1,3,1,39,19,300,1100,35
SIM_COVER_USE,9,24,0,0
SIM,9,0,0,8,25,0,6,1,2,1,39,19,1100,500,45
SIM_COVER_USE,9,25,0,0
SIM,9,0,0,8,26,1,9,0,3,0,39,18,300,1500,33
SIM_COVER_USE,9,26,0,0
SIM,9,0,0,8,27,0,7,3,3,1,39,18,1000,100,45
SIM_COVER_USE,9,27,0,0
SIM,9,0,0,8,28,1,7,1,3,1,39,16,400,1000,34
SIM_COVER_USE,9,28,0,0
SIM,9,0,0,8,29,0,6,1,2,1,39,16,1200,400,45
SIM_COVER_USE,9,29,0,0
SIM,9,0,0,8,30,1,9,0,3,0,39,14,100,1400,28
SIM_COVER_USE,9,30,0,0
SIM,9,0,0,8,31,0,7,3,3,1,39,14,800,300,45
SIM_COVER_USE,9,31,0,0
SIM,9,0,0,8,32,1,7,1,3,1,39,12,500,1200,37
SIM_COVER_USE,9,32,0,0
SIM,9,0,0,8,33,0,6,1,2,1,39,12,1300,300,45
SIM_COVER_USE,9,33,0,0
SIM,9,0,0,8,34,1,9,0,3,0,39,11,200,1300,31
SIM_COVER_USE,9,34,0,0
SIM,9,0,0,8,35,0,7,3,3,1,39,11,900,200,45
SIM_COVER_USE,9,35,0,0
SIM,9,0,0,8,36,1,7,1,3,1,39,9,300,1100,34
SIM_COVER_USE,9,36,0,0
SIM,9,0,0,8,37,0,6,1,2,1,39,9,1100,500,45
SIM_COVER_USE,9,37,0,0
SIM,9,0,0,8,38,1,9,0,3,0,39,7,300,1500,30
SIM_COVER_USE,9,38,0,0
SIM,9,0,0,8,39,0,7,3,3,1,39,7,1000,100,45
SIM_COVER_USE,9,39,0,0
SIM,9,0,0,8,40,1,7,1,3,1,39,5,400,1000,35
SIM_COVER_USE,9,40,0,0
SIM,9,0,0,8,41,0,6,1,2,1,39,5,1200,400,45
SIM_COVER_USE,9,41,0,0
SIM,9,0,0,8,42,1,9,0,3,0,39,3,100,1400,24
SIM_COVER_USE,9,42,0,0
SIM,9,0,0,8,43,0,7,3,3,1,39,3,800,300,45
SIM_COVER_USE,9,43,0,0
SIM_END,9,0,0,8,43,0,0
SIM,10,0,0,9,1,1,6,6,1,1,40,40,0,1000,0
SIM_COVER_USE,10,1,0,0
SIM,10,0,0,9,2,0,3,9,1,2,39,40,800,200,30
SIM_COVER_USE,10,2,0,1
SIM,10,0,0,9,3,1,6,6,2,1,39,39,300,1000,17
SIM_COVER_USE,10,3,1,1
SIM,10,0,0,9,4,0,3,6,1,1,39,39,1100,400,45
SIM_COVER_USE,10,4,1,0
SIM,10,0,0,9,5,1,3,3,1,1,39,39,500,1200,29
SIM_COVER_USE,10,5,0,0
SIM,10,0,0,9,6,0,0,6,0,2,38,39,1500,100,45
SIM_COVER_USE,10,6,0,0
SIM,10,0,0,9,7,1,3,4,1,2,38,39,100,800,34
SIM_COVER_USE,10,7,0,0
SIM,10,0,0,9,8,0,0,4,0,2,37,39,1100,500,45
SIM_COVER_USE,10,8,0,0
SIM,10,0,0,9,9,1,0,4,0,2,37,39,500,1200,41
SIM_COVER_USE,10,9,0,0
SIM,10,0,0,9,10,0,0,7,0,3,35,39,1500,100,45
SIM_COVER_USE,10,10,0,0
SIM,10,0,0,9,11,1,3,6,1,2,35,39,100,800,34
SIM_COVER_USE,10,11,0,0
SIM,10,0,0,9,12,0,0,6,0,2,34,39,1100,500,45
SIM_COVER_USE,10,12,0,0
SIM,10,0,0,9,13,1,0,6,0,2,34,39,500,1200,41
SIM_COVER_USE,10,13,0,0
SIM,10,0,0,9,14,0,0,9,0,3,31,39,1500,100,45
SIM_COVER_USE,10,14,0,0
SIM,10,0,0,9,15,1,3,7,1,3,31,39,100,700,34
SIM_COVER_USE,10,15,0,0
SIM,10,0,0,9,16,0,0,7,0,3,29,39,1100,400,45
SIM_COVER_USE,10,16,0,0
SIM,10,0,0,9,17,1,0,7,0,3,29,39,500,1000,41
SIM_COVER_USE,10,17,0,0
SIM,10,0,0,9,18,0,0,10,0,4,26,39,1500,200,45
SIM_COVER_USE,10,18,0,0
SIM,10,0,0,9,19,1,3,9,1,3,26,39,100,900,34
SIM_COVER_USE,10,19,0,0
SIM,10,0,0,9,20,0,3,9,1,3,23,39,1000,300,45
SIM_COVER_USE,10,20,0,0
SIM,10,0,0,9,21,1,3,7,1,3,23,39,400,1000,39
SIM_COVER_USE,10,21,0,0
SIM,10,0,0,9,22,0,1,10,1,4,20,39,1300,200,45
SIM_COVER_USE,10,22,0,0
SIM,10,0,0,9,23,1,4,7,2,3,20,39,200,900,34
SIM_COVER_USE,10,23,0,0
SIM,10,0,0,9,24,0,1,7,1,3,19,39,1100,300,45
SIM_COVER_USE,10,24,0,0
SIM,10,0,0,9,25,1,1,6,1,2,19,39,500,1100,39
SIM_COVER_USE,10,25,0,0
SIM,10,0,0,9,26,0,0,9,0,3,18,39,1500,300,45
SIM_COVER_USE,10,26,0,0
SIM,10,0,0,9,27,1,3,7,1,3,18,39,100,1000,34
SIM_COVER_USE,10,27,0,0
SIM,10,0,0,9,28,0,1,7,1,3,16,39,1000,400,45
SIM_COVER_USE,10,28,0,0
SIM,10,0,0,9,29,1,1,6,1,2,16,39,400,1200,39
SIM_COVER_USE,10,29,0,0
SIM,10,0,0,9,30,0,0,9,0,3,14,39,1400,100,45
SIM_COVER_USE,10,30,0,0
SIM,10,0,0,9,31,1,3,7,1,3,14,39,300,800,36
SIM_COVER_USE,10,31,0,0
SIM,10,0,0,9,32,0,1,7,1,3,12,39,1200,500,45
SIM_COVER_USE,10,32,0,0
SIM,10,0,0,9,33,1,1,6,1,2,12,39,300,1300,37
SIM_COVER_USE,10,33,0,0
SIM,10,0,0,9,34,0,0,9,0,3,11,39,1300,200,45
SIM_COVER_USE,10,34,0,0
SIM,10,0,0,9,35,1,3,7,1,3,11,39,200,900,36
SIM_COVER_USE,10,35,0,0
SIM,10,0,0,9,36,0,1,7,1,3,9,39,1100,300,45
SIM_COVER_USE,10,36,0,0
SIM,10,0,0,9,37,1,1,6,1,2,9,39,500,1100,39
SIM_COVER_USE,10,37,0,0
SIM,10,0,0,9,38,0,0,9,0,3,7,39,1500,300,45
SIM_COVER_USE,10,38,0,0
SIM,10,0,0,9,39,1,3,7,1,3,7,39,100,1000,34
SIM_COVER_USE,10,39,0,0
SIM,10,0,0,9,40,0,1,7,1,3,5,39,1000,400,45
SIM_COVER_USE,10,40,0,0
SIM,10,0,0,9,41,1,1,6,1,2,5,39,400,1200,39
SIM_COVER_USE,10,41,0,0
SIM,10,0,0,9,42,0,0,9,0,3,3,39,1400,100,45
SIM_COVER_USE,10,42,0,0
SIM,10,0,0,9,43,1,3,7,1,3,3,39,300,800,36
SIM_COVER_USE,10,43,0,0
SIM_END,10,0,0,9,43,1,0
SIM,11,0,0,10,1,0,6,6,1,1,40,40,1000,0,30
SIM_COVER_USE,11,1,0,0
SIM,11,0,0,10,2,1,9,1,2,1,40,40,200,800,19
SIM_COVER_USE,11,2,0,0
SIM,11,0,0,10,3,0,4,4,1,2,40,40,1000,300,45
SIM_COVER_USE,11,3,0,0
SIM,11,0,0,10,4,1,4,3,1,1,40,40,400,1200,39
SIM_COVER_USE,11,4,0,0
SIM,11,0,0,10,5,0,2,3,1,1,40,40,1200,300,45
SIM_COVER_USE,11,5,0,0
SIM,11,0,0,10,6,1,5,0,2,0,40,39,100,1300,30
SIM_COVER_USE,11,6,0,0
SIM,11,0,0,10,7,0,3,3,1,1,40,39,1000,200,45
SIM_COVER_USE,11,7,0,0
SIM,11,0,0,10,8,1,3,3,1,1,40,38,400,1100,39
SIM_COVER_USE,11,8,0,0
SIM,11,0,0,10,9,0,3,3,1,1,39,38,1300,500,45
SIM_COVER_USE,11,9,0,0
SIM,11,0,0,10,10,1,6,1,2,1,39,37,200,1400,34
SIM_COVER_USE,11,10,0,0
SIM,11,0,0,10,11,0,4,4,2,2,38,37,1000,300,45
SIM_COVER_USE,11,11,0,0
SIM,11,0,0,10,12,1,4,3,2,1,38,36,400,1200,37
SIM_COVER_USE,11,12,0,0
SIM,11,0,0,10,13,0,3,3,1,1,38,36,1300,300,45
SIM_COVER_USE,11,13,0,0
SIM,11,0,0,10,14,1,6,0,2,0,38,36,200,1300,28
SIM_COVER_USE,11,14,0,0
SIM,11,0,0,10,15,0,4,3,2,1,38,36,1000,200,45
SIM_COVER_USE,11,15,0,0
SIM,11,0,0,10,16,1,4,0,2,0,38,36,400,1200,37
SIM_COVER_USE,11,16,0,0
SIM,11,0,0,10,17,0,4,0,2,0,38,36,1200,300,45
SIM_COVER_USE,11,17,0,0
SIM,11,0,0,10,18,1,7,0,3,0,38,33,100,1300,20
SIM_COVER_USE,11,18,0,0
SIM,11,0,0,10,19,0,6,3,2,1,38,33,900,200,45
SIM_COVER_USE,11,19,0,0
SIM,11,0,0,10,20,1,6,3,2,1,38,31,300,1100,37
SIM_COVER_USE,11,20,0,0
SIM,11,0,0,10,21,0,4,3,2,1,38,31,1100,500,45
SIM_COVER_USE,11,21,0,0
SIM,11,0,0,10,22,1,7,1,3,1,38,29,300,1400,30
SIM_COVER_USE,11,22,0,0
SIM,11,0,0,10,23,0,4,4,2,2,38,29,1100,300,45
SIM_COVER_USE,11,23,0,0
SIM,11,0,0,10,24,1,4,3,2,1,38,28,500,1200,37
SIM_COVER_USE,11,24,0,0
SIM,11,0,0,10,25,0,3,3,1,1,38,28,1400,300,45
SIM_COVER_USE,11,25,0,0
SIM,11,0,0,10,26,1,6,1,2,1,38,27,300,1200,32
SIM_COVER_USE,11,26,0,0
SIM,11,0,0,10,27,0,3,4,1,2,38,27,1200,100,45
SIM_COVER_USE,11,27,0,0
SIM,11,0,0,10,28,1,3,3,1,1,38,27,300,1000,35
SIM_COVER_USE,11,28,0,0
SIM,11,0,0,10,29,0,1,3,1,1,38,27,1200,400,45
SIM_COVER_USE,11,29,0,0
SIM,11,0,0,10,30,1,4,1,2,1,38,26,100,1300,32
SIM_COVER_USE,11,30,0,0
SIM,11,0,0,10,31,0,1,4,1,2,38,26,1000,200,45
SIM_COVER_USE,11,31,0,0
SIM,11,0,0,10,32,1,1,3,1,1,38,26,400,1100,39
SIM_COVER_USE,11,32,0,0
SIM,11,0,0,10,33,0,0,3,0,1,38,26,1400,500,45
SIM_COVER_USE,11,33,0,0
SIM,11,0,0,10,34,1,3,1,1,1,38,26,300,1400,34
SIM_COVER_USE,11,34,0,0
SIM,11,0,0,10,35,0,0,4,0,2,38,26,1300,300,45
SIM_COVER_USE,11,35,0,0
SIM,11,0,0,10,36,1,0,4,0,2,38,26,400,1100,39
SIM_COVER_USE,11,36,0,0
SIM,11,0,0,10,37,0,0,4,0,2,37,26,1400,500,45
SIM_COVER_USE,11,37,0,0
SIM,11,0,0,10,38,1,3,3,1,1,37,26,300,1400,36
SIM_COVER_USE,11,38,0,0
SIM,11,0,0,10,39,0,1,6,1,2,36,26,1200,300,45
SIM_COVER_USE,11,39,0,0
SIM,11,0,0,10,40,1,1,4,1,2,36,26,300,1100,37
SIM_COVER_USE,11,40,0,0
SIM,11,0,0,10,41,0,0,4,0,2,35,26,1300,500,45
SIM_COVER_USE,11,41,0,0
SIM,11,0,0,10,42,1,3,3,1,1,35,26,200,1400,34
SIM_COVER_USE,11,42,0,0
SIM,11,0,0,10,43,0,1,6,1,2,34,26,1100,300,45
SIM_COVER_USE,11,43,0,0
SIM,11,0,0,10,44,1,1,4,1,2,34,26,500,1100,39
SIM_COVER_USE,11,44,0,0
SIM,11,0,0,10,45,0,0,4,0,2,33,26,1500,500,45
SIM_COVER_USE,11,45,0,0
SIM,11,0,0,10,46,1,3,3,1,1,33,26,100,1400,32
SIM_COVER_USE,11,46,0,0
SIM,11,0,0,10,47,0,1,6,1,2,32,26,1000,300,45
SIM_COVER_USE,11,47,0,0
SIM,11,0,0,10,48,1,1,4,1,2,32,26,400,1100,39
SIM_COVER_USE,11,48,0,0
SIM,11,0,0,10,49,0,0,4,0,2,31,26,1400,500,45
SIM_COVER_USE,11,49,0,0
SIM,11,0,0,10,50,1,3,3,1,1,31,26,300,1400,34
SIM_COVER_USE,11,50,0,0
SIM,11,0,0,10,51,0,1,6,1,2,30,26,1200,300,45
SIM_COVER_USE,11,51,0,0
SIM,11,0,0,10,52,1,1,4,1,2,30,26,300,1100,37
SIM_COVER_USE,11,52,0,0
SIM,11,0,0,10,53,0,0,4,0,2,29,26,1300,500,45
SIM_COVER_USE,11,53,0,0
SIM,11,0,0,10,54,1,3,3,1,1,29,26,200,1400,34
SIM_COVER_USE,11,54,0,0
SIM,11,0,0,10,55,0,1,6,1,2,28,26,1100,300,45
SIM_COVER_USE,11,55,0,0
SIM,11,0,0,10,56,1,1,4,1,2,28,26,500,1100,39
SIM_COVER_USE,11,56,0,0
SIM,11,0,0,10,57,0,0,4,0,2,27,26,1500,500,45
SIM_COVER_USE,11,57,0,0
SIM,11,0,0,10,58,1,3,3,1,1,27,26,100,1400,32
SIM_COVER_USE,11,58,0,0
SIM,11,0,0,10,59,0,1,6,1,2,26,26,1000,300,45
SIM_COVER_USE,11,59,0,0
SIM,11,0,0,10,60,1,1,4,1,2,26,26,400,1100,39
SIM_COVER_USE,11,60,0,0
SIM,11,0,0,10,61,0,0,4,0,2,25,26,1400,500,45
SIM_COVER_USE,11,61,0,0
SIM,11,0,0,10,62,1,3,3,1,1,25,26,300,1400,34
SIM_COVER_USE,11,62,0,0
SIM,11,0,0,10,63,0,1,6,1,2,24,26,1200,300,45
SIM_COVER_USE,11,63,0,0
SIM,11,0,0,10,64,1,1,4,1,2,24,26,300,1100,37
SIM_COVER_USE,11,64,0,0
SIM,11,0,0,10,65,0,0,4,0,2,23,26,1300,500,45
SIM_COVER_USE,11,65,0,0
SIM,11,0,0,10,66,1,3,3,1,1,23,26,200,1400,34
SIM_COVER_USE,11,66,0,0
SIM,11,0,0,10,67,0,1,6,1,2,22,26,1100,300,45
SIM_COVER_USE,11,67,0,0
SIM,11,0,0,10,68,1,1,4,1,2,22,26,500,1100,39
SIM_COVER_USE,11,68,0,0
SIM,11,0,0,10,69,0,0,4,0,2,21,26,1500,500,45
SIM_COVER_USE,11,69,0,0
SIM,11,0,0,10,70,1,3,3,1,1,21,26,100,1400,32
SIM_COVER_USE,11,70,0,0
SIM,11,0,0,10,71,0,1,6,1,2,20,26,1000,300,45
SIM_COVER_USE,11,71,0,0
SIM,11,0,0,10,72,1,1,4,1,2,20,26,400,1100,39
SIM_COVER_USE,11,72,0,0
SIM,11,0,0,10,73,0,0,4,0,2,19,26,1400,500,45
SIM_COVER_USE,11,73,0,0
SIM,11,0,0,10,74,1,3,3,1,1,19,26,300,1400,34
SIM_COVER_USE,11,74,0,0
SIM,11,0,0,10,75,0,1,6,1,2,18,26,1200,300,45
SIM_COVER_USE,11,75,0,0
SIM,11,0,0,10,76,1,1,4,1,2,18,26,300,1100,37
SIM_COVER_USE,11,76,0,0
SIM,11,0,0,10,77,0,0,4,0,2,17,26,1300,500,45
SIM_COVER_USE,11,77,0,0
SIM,11,0,0,10,78,1,3,3,1,1,17,26,200,1400,34
SIM_COVER_USE,11,78,0,0
SIM,11,0,0,10,79,0,1,6,1,2,16,26,1100,300,45
SIM_COVER_USE,11,79,0,0
SIM,11,0,0,10,80,1,1,4,1,2,16,26,500,1100,39
SIM_COVER_USE,11,80,0,0
SIM_END,11,0,0,10,80,1,0
SIM,12,0,0,11,1,1,6,6,1,1,40,40,0,1000,0
SIM_COVER_USE,12,1,0,0
SIM,12,0,0,11,2,0,1,9,1,2,40,40,800,200,30
SIM_COVER_USE,12,2,0,0
SIM,12,0,0,11,3,1,4,4,2,1,40,40,300,1000,21
SIM_COVER_USE,12,3,0,0
SIM,12,0,0,11,4,0,1,4,1,1,40,40,1100,400,45
SIM_COVER_USE,12,4,0,0
SIM,12,0,0,11,5,1,1,1,1,1,40,40,500,1200,39
SIM_COVER_USE,12,5,0,0
SIM,12,0,0,11,6,0,0,4,0,2,39,40,1500,100,45
SIM_COVER_USE,12,6,0,0
SIM,12,0,0,11,7,1,3,3,1,1,39,40,100,1000,32
SIM_COVER_USE,12,7,0,0
SIM,12,0,0,11,8,0,3,3,1,1,38,40,1000,400,45
SIM_COVER_USE,12,8,0,0
SIM,12,0,0,11,9,1,3,3,1,1,38,39,400,1300,37
SIM_COVER_USE,12,9,0,0
SIM,12,0,0,11,10,0,1,6,1,2,37,39,1300,200,45
SIM_COVER_USE,12,10,0,0
SIM,12,0,0,11,11,1,4,4,2,2,37,38,200,1000,34
SIM_COVER_USE,12,11,0,0
SIM,12,0,0,11,12,0,3,4,1,2,36,38,1100,400,45
SIM_COVER_USE,12,12,0,0
SIM,12,0,0,11,13,1,3,3,1,1,36,38,500,1300,39
SIM_COVER_USE,12,13,0,0
SIM,12,0,0,11,14,0,0,6,0,2,36,38,1500,200,45
SIM_COVER_USE,12,14,0,0
SIM,12,0,0,11,15,1,3,4,1,2,36,38,100,1000,34
SIM_COVER_USE,12,15,0,0
SIM,12,0,0,11,16,0,0,4,0,2,36,38,1100,400,45
SIM_COVER_USE,12,16,0,0
SIM,12,0,0,11,17,1,0,4,0,2,36,38,500,1200,41
SIM_COVER_USE,12,17,0,0
SIM,12,0,0,11,18,0,0,7,0,3,33,38,1500,100,45
SIM_COVER_USE,12,18,0,0
SIM,12,0,0,11,19,1,3,6,1,2,33,38,100,900,32
SIM_COVER_USE,12,19,0,0
SIM,12,0,0,11,20,0,3,6,1,2,31,38,1000,300,45
SIM_COVER_USE,12,20,0,0
SIM,12,0,0,11,21,1,3,4,1,2,31,38,400,1100,39
SIM_COVER_USE,12,21,0,0
SIM,12,0,0,11,22,0,1,7,1,3,29,38,1300,300,45
SIM_COVER_USE,12,22,0,0
SIM,12,0,0,11,23,1,4,4,2,2,29,38,200,1100,34
SIM_COVER_USE,12,23,0,0
SIM,12,0,0,11,24,0,3,4,1,2,28,38,1100,500,45
SIM_COVER_USE,12,24,0,0
SIM,12,0,0,11,25,1,3,3,1,1,28,38,500,1400,39
SIM_COVER_USE,12,25,0,0
SIM,12,0,0,11,26,0,1,6,1,2,27,38,1400,300,45
SIM_COVER_USE,12,26,0,0
SIM,12,0,0,11,27,1,4,3,2,1,27,38,300,1200,31
SIM_COVER_USE,12,27,0,0
SIM,12,0,0,11,28,0,3,3,1,1,27,38,1200,300,45
SIM_COVER_USE,12,28,0,0
SIM,12,0,0,11,29,1,3,1,1,1,27,38,300,1200,35
SIM_COVER_USE,12,29,0,0
SIM,12,0,0,11,30,0,1,4,1,2,26,38,1200,100,45
SIM_COVER_USE,12,30,0,0
SIM,12,0,0,11,31,1,4,1,2,1,26,38,100,1000,31
SIM_COVER_USE,12,31,0,0
SIM,12,0,0,11,32,0,3,1,1,1,26,38,1000,400,45
SIM_COVER_USE,12,32,0,0
SIM,12,0,0,11,33,1,3,0,1,0,26,38,400,1400,39
SIM_COVER_USE,12,33,0,0
SIM,12,0,0,11,34,0,1,3,1,1,26,38,1300,300,45
SIM_COVER_USE,12,34,0,0
SIM,12,0,0,11,35,1,4,0,2,0,26,38,200,1300,34
SIM_COVER_USE,12,35,0,0
SIM,12,0,0,11,36,0,4,0,2,0,26,38,1000,400,45
SIM_COVER_USE,12,36,0,0
SIM,12,0,0,11,37,1,4,0,2,0,26,37,400,1400,32
SIM_COVER_USE,12,37,0,0
SIM,12,0,0,11,38,0,3,3,1,1,26,37,1300,300,45
SIM_COVER_USE,12,38,0,0
SIM,12,0,0,11,39,1,6,1,2,1,26,36,200,1200,29
SIM_COVER_USE,12,39,0,0
SIM,12,0,0,11,40,0,4,1,2,1,26,36,1000,300,45
SIM_COVER_USE,12,40,0,0
SIM,12,0,0,11,41,1,4,0,2,0,26,35,400,1300,33
SIM_COVER_USE,12,41,0,0
SIM,12,0,0,11,42,0,3,3,1,1,26,35,1300,200,45
SIM_COVER_USE,12,42,0,0
SIM,12,0,0,11,43,1,6,1,2,1,26,34,200,1100,32
SIM_COVER_USE,12,43,0,0
SIM,12,0,0,11,44,0,4,1,2,1,26,34,1000,500,45
SIM_COVER_USE,12,44,0,0
SIM,12,0,0,11,45,1,4,0,2,0,26,33,400,1500,37
SIM_COVER_USE,12,45,0,0
SIM,12,0,0,11,46,0,3,3,1,1,26,33,1300,100,45
SIM_COVER_USE,12,46,0,0
SIM,12,0,0,11,47,1,6,1,2,1,26,32,200,1000,32
SIM_COVER_USE,12,47,0,0
SIM,12,0,0,11,48,0,4,1,2,1,26,32,1000,400,45
SIM_COVER_USE,12,48,0,0
SIM,12,0,0,11,49,1,4,0,2,0,26,31,400,1400,37
SIM_COVER_USE,12,49,0,0
SIM,12,0,0,11,50,0,3,3,1,1,26,31,1300,300,45
SIM_COVER_USE,12,50,0,0
SIM,12,0,0,11,51,1,6,1,2,1,26,30,200,1200,32
SIM_COVER_USE,12,51,0,0
SIM,12,0,0,11,52,0,4,1,2,1,26,30,1000,300,45
SIM_COVER_USE,12,52,0,0
SIM,12,0,0,11,53,1,4,0,2,0,26,29,400,1300,37
SIM_COVER_USE,12,53,0,0
SIM,12,0,0,11,54,0,3,3,1,1,26,29,1300,200,45
SIM_COVER_USE,12,54,0,0
SIM,12,0,0,11,55,1,6,1,2,1,26,28,200,1100,32
SIM_COVER_USE,12,55,0,0
SIM,12,0,0,11,56,0,4,1,2,1,26,28,1000,500,45
SIM_COVER_USE,12,56,0,0
SIM,12,0,0,11,57,1,4,0,2,0,26,27,400,1500,37
SIM_COVER_USE,12,57,0,0
SIM,12,0,0,11,58,0,3,3,1,1,26,27,1300,100,45
SIM_COVER_USE,12,58,0,0
SIM,12,0,0,11,59,1,6,1,2,1,26,26,200,1000,32
SIM_COVER_USE,12,59,0,0
SIM,12,0,0,11,60,0,4,1,2,1,26,26,1000,400,45
SIM_COVER_USE,12,60,0,0
SIM,12,0,0,11,61,1,4,0,2,0,26,25,400,1400,37
SIM_COVER_USE,12,61,0,0
SIM,12,0,0,11,62,0,3,3,1,1,26,25,1300,300,45
SIM_COVER_USE,12,62,0,0
SIM,12,0,0,11,63,1,6,1,2,1,26,24,200,1200,32
SIM_COVER_USE,12,63,0,0
SIM,12,0,0,11,64,0,4,1,2,1,26,24,1000,300,45
SIM_COVER_USE,12,64,0,0
SIM,12,0,0,11,65,1,4,0,2,0,26,23,400,1300,37
SIM_COVER_USE,12,65,0,0
SIM,12,0,0,11,66,0,3,3,1,1,26,23,1300,200,45
SIM_COVER_USE,12,66,0,0
SIM,12,0,0,11,67,1,6,1,2,1,26,22,200,1100,32
SIM_COVER_USE,12,67,0,0
SIM,12,0,0,11,68,0,4,1,2,1,26,22,1000,500,45
SIM_COVER_USE,12,68,0,0
SIM,12,0,0,11,69,1,4,0,2,0,26,21,400,1500,37
SIM_COVER_USE,12,69,0,0
SIM,12,0,0,11,70,0,3,3,1,1,26,21,1300,100,45
SIM_COVER_USE,12,70,0,0
SIM,12,0,0,11,71,1,6,1,2,1,26,20,200,1000,32
SIM_COVER_USE,12,71,0,0
SIM,12,0,0,11,72,0,4,1,2,1,26,20,1000,400,45
SIM_COVER_USE,12,72,0,0
SIM,12,0,0,11,73,1,4,0,2,0,26,19,400,1400,37
SIM_COVER_USE,12,73,0,0
SIM,12,0,0,11,74,0,3,3,1,1,26,19,1300,300,45
SIM_COVER_USE,12,74,0,0
SIM,12,0,0,11,75,1,6,1,2,1,26,18,200,1200,32
SIM_COVER_USE,12,75,0,0
SIM,12,0,0,11,76,0,4,1,2,1,26,18,1000,300,45
SIM_COVER_USE,12,76,0,0
SIM,12,0,0,11,77,1,4,0,2,0,26,17,400,1300,37
SIM_COVER_USE,12,77,0,0
SIM,12,0,0,11,78,0,3,3,1,1,26,17,1300,200,45
SIM_COVER_USE,12,78,0,0
SIM,12,0,0,11,79,1,6,1,2,1,26,16,200,1100,32
SIM_COVER_USE,12,79,0,0
SIM,12,0,0,11,80,0,4,1,2,1,26,16,1000,500,45
SIM_COVER_USE,12,80,0,0
SIM_END,12,0,0,11,80,0,0
SIM,13,0,1,0,1,0,6,0,1,0,40,40,1000,0,30
SIM_COVER_USE,13,1,0,0
SIM,13,0,1,0,2,1,9,0,2,0,40,39,200,1000,19
SIM_COVER_USE,13,2,0,0
SIM,13,0,1,0,3,0,7,3,2,1,40,39,900,200,45
SIM_COVER_USE,13,3,0,0
SIM,13,0,1,0,4,1,7,0,2,0,40,38,300,1200,31
SIM_COVER_USE,13,4,0,0
SIM,13,0,1,0,5,0,7,0,2,0,40,38,1000,300,45
SIM_COVER_USE,13,5,0,0
SIM,13,0,1,0,6,1,10,0,3,0,40,37,200,1300,34
SIM_COVER_USE,13,6,0,0
SIM,13,0,1,0,7,0,9,3,2,1,40,37,900,200,45
SIM_COVER_USE,13,7,0,0
SIM,13,0,1,0,8,1,9,0,2,0,40,37,300,1200,34
SIM_COVER_USE,13,8,0,0
SIM,13,0,1,0,9,0,9,0,2,0,40,37,1000,300,45
SIM_COVER_USE,13,9,0,0
SIM,13,0,1,0,10,1,12,0,3,0,40,35,200,1300,30
SIM_COVER_USE,13,10,0,0
SIM,13,0,1,0,11,0,10,3,3,1,40,35,800,200,45
SIM_COVER_USE,13,11,0,0
SIM,13,0,1,0,12,1,10,0,3,0,40,33,500,1200,34
SIM_COVER_USE,13,12,0,0
SIM,13,0,1,0,13,0,10,0,3,0,40,33,1100,300,45
SIM_COVER_USE,13,13,0,0
SIM,13,0,1,0,14,1,13,0,4,0,40,30,300,1300,31
SIM_COVER_USE,13,14,0,0
SIM,13,0,1,0,15,0,12,3,3,1,40,30,900,200,45
SIM_COVER_USE,13,15,0,0
SIM,13,0,1,0,16,1,12,0,3,0,40,28,300,1200,32
SIM_COVER_USE,13,16,0,0
SIM,13,0,1,0,17,0,12,0,3,0,40,28,900,300,45
SIM_COVER_USE,13,17,0,0
SIM,13,0,1,0,18,1,15,0,4,0,40,25,100,1300,31
SIM_COVER_USE,13,18,0,0
SIM,13,0,1,0,19,0,13,3,4,1,40,25,600,200,45
SIM_COVER_USE,13,19,0,0
SIM,13,0,1,0,20,1,13,0,4,0,40,22,300,1200,29
SIM_COVER_USE,13,20,0,0
SIM,13,0,1,0,21,0,13,0,4,0,40,22,800,1200,45
SIM_COVER_USE,13,21,0,0
SIM,13,0,1,0,22,1,13,0,4,0,40,18,500,2200,35
SIM_COVER_USE,13,22,0,0
SIM,13,0,1,0,23,0,12,3,3,1,40,18,1100,500,45
SIM_COVER_USE,13,23,0,0
SIM,13,0,1,0,24,1,15,0,4,0,40,15,300,1500,24
SIM_COVER_USE,13,24,0,0
SIM,13,0,1,0,25,0,15,0,4,0,40,15,800,1500,45
SIM_COVER_USE,13,25,0,0
SIM,13,0,1,0,26,1,15,0,4,0,40,11,500,2500,35
SIM_COVER_USE,13,26,0,0
SIM,13,0,1,0,27,0,13,3,4,1,40,11,1000,500,45
SIM_COVER_USE,13,27,0,0
SIM,13,0,1,0,28,1,13,0,4,0,40,8,400,1500,33
SIM_COVER_USE,13,28,0,0
SIM,13,0,1,0,29,0,13,0,4,0,40,8,900,1500,45
SIM_COVER_USE,13,29,0,0
SIM,13,0,1,0,30,1,13,0,4,0,40,4,300,2500,33
SIM_COVER_USE,13,30,0,0
SIM,13,0,1,0,31,0,11,3,4,1,40,4,800,500,45
SIM_COVER_USE,13,31,0,0
SIM,13,0,1,0,32,1,11,0,4,0,40,1,500,1500,35
SIM_COVER_USE,13,32,0,0
SIM,13,0,1,0,33,0,11,0,4,0,40,1,1000,1500,45
SIM_COVER_USE,13,33,0,0
SIM_END,13,0,1,0,33,0,0
SIM,14,0,1,1,1,0,6,0,1,0,40,40,1000,0,30
SIM_COVER_USE,14,1,0,0
SIM,14,0,1,1,2,1,9,0,2,0,40,39,200,1000,9
SIM_COVER_USE,14,2,0,0
SIM,14,0,1,1,3,0,7,3,2,1,40,39,900,200,39
SIM_COVER_USE,14,3,0,0
SIM,14,0,1,1,4,1,7,0,2,0,40,38,300,1200,29
SIM_COVER_USE,14,4,0,0
SIM,14,0,1,1,5,0,7,0,2,0,40,38,1000,300,45
SIM_COVER_USE,14,5,0,0
SIM,14,0,1,1,6,1,10,0,3,0,40,37,200,1300,36
SIM_COVER_USE,14,6,0,0
SIM,14,0,1,1,7,0,9,3,2,1,40,37,900,200,45
SIM_COVER_USE,14,7,0,0
SIM,14,0,1,1,8,1,9,0,2,0,40,37,300,1200,34
SIM_COVER_USE,14,8,0,0
SIM,14,0,1,1,9,0,9,0,2,0,40,37,1000,300,45
SIM_COVER_USE,14,9,0,0
SIM,14,0,1,1,10,1,12,0,3,0,40,35,200,1300,30
SIM_COVER_USE,14,10,0,0
SIM,14,0,1,1,11,0,10,3,3,1,40,35,800,200,45
SIM_COVER_USE,14,11,0,0
SIM,14,0,1,1,12,1,10,0,3,0,40,33,500,1200,34
SIM_COVER_USE,14,12,0,0
SIM,14,0,1,1,13,0,10,0,3,0,40,33,1100,300,45
SIM_COVER_USE,14,13,0,0
SIM,14,0,1,1,14,1,13,0,4,0,40,30,300,1300,31
SIM_COVER_USE,14,14,0,0
SIM,14,0,1,1,15,0,12,3,3,1,40,30,900,200,45
SIM_COVER_USE,14,15,0,0
SIM,14,0,1,1,16,1,12,0,3,0,40,28,300,1200,32
SIM_COVER_USE,14,16,0,0
SIM,14,0,1,1,17,0,12,0,3,0,40,28,900,300,45
SIM_COVER_USE,14,17,0,0
SIM,14,0,1,1,18,1,15,0,4,0,40,25,100,1300,31
SIM_COVER_USE,14,18,0,0
SIM,14,0,1,1,19,0,13,3,4,1,40,25,600,200,45
SIM_COVER_USE,14,19,0,0
SIM,14,0,1,1,20,1,13,0,4,0,40,22,300,1200,29
SIM_COVER_USE,14,20,0,0
SIM,14,0,1,1,21,0,13,0,4,0,40,22,800,1200,45
SIM_COVER_USE,14,21,0,0
SIM,14,0,1,1,22,1,13,0,4,0,40,18,500,2200,35
SIM_COVER_USE,14,22,0,0
SIM,14,0,1,1,23,0,12,3,3,1,40,18,1100,500,45
SIM_COVER_USE,14,23,0,0
SIM,14,0,1,1,24,1,15,0,4,0,40,15,300,1500,24
SIM_COVER_USE,14,24,0,0
SIM,14,0,1,1,25,0,15,0,4,0,40,15,800,1500,45
SIM_COVER_USE,14,25,0,0
SIM,14,0,1,1,26,1,15,0,4,0,40,11,500,2500,35
SIM_COVER_USE,14,26,0,0
SIM,14,0,1,1,27,0,13,3,4,1,40,11,1000,500,45
SIM_COVER_USE,14,27,0,0
SIM,14,0,1,1,28,1,13,0,4,0,40,8,400,1500,33
SIM_COVER_USE,14,28,0,0
SIM,14,0,1,1,29,0,13,0,4,0,40,8,900,1500,45
SIM_COVER_USE,14,29,0,0
SIM,14,0,1,1,30,1,13,0,4,0,40,4,300,2500,33
SIM_COVER_USE,14,30,0,0
SIM,14,0,1,1,31,0,11,3,4,1,40,4,800,500,45
SIM_COVER_USE,14,31,0,0
SIM,14,0,1,1,32,1,11,0,4,0,40,1,500,1500,35
SIM_COVER_USE,14,32,0,0
SIM,14,0,1,1,33,0,11,0,4,0,40,1,1000,1500,45
SIM_COVER_USE,14,33,0,0
SIM_END,14,0,1,1,33,0,0
SIM,15,0,1,2,1,0,6,0,1,0,40,40,1000,0,30
SIM_COVER_USE,15,1,0,0
SIM,15,0,1,2,2,1,9,0,2,0,40,39,200,1000,19
SIM_COVER_USE,15,2,0,0
SIM,15,0,1,2,3,0,7,3,2,1,40,39,900,200,45
SIM_COVER_USE,15,3,0,0
SIM,15,0,1,2,4,1,7,0,2,0,40,38,300,1200,31
SIM_COVER_USE,15,4,0,0
SIM,15,0,1,2,5,0,7,0,2,0,40,38,1000,300,45
SIM_COVER_USE,15,5,0,0
SIM,15,0,1,2,6,1,10,0,3,0,40,37,200,1300,34
SIM_COVER_USE,15,6,0,0
SIM,15,0,1,2,7,0,9,3,2,1,40,37,900,200,45
SIM_COVER_USE,15,7,0,0
SIM,15,0,1,2,8,1,9,0,2,0,40,37,300,1200,34
SIM_COVER_USE,15,8,0,0
SIM,15,0,1,2,9,0,9,0,2,0,40,37,1000,300,45
SIM_COVER_USE,15,9,0,0
SIM,15,0,1,2,10,1,12,0,3,0,40,35,200,1300,30
SIM_COVER_USE,15,10,0,0
SIM,15,0,1,2,11,0,10,3,3,1,40,35,800,200,45
SIM_COVER_USE,15,11,0,0
SIM,15,0,1,2,12,1,10,0,3,0,40,33,500,1200,34
SIM_COVER_USE,15,12,0,0
SIM,15,0,1,2,13,0,10,0,3,0,40,33,1100,300,45
SIM_COVER_USE,15,13,0,0
SIM,15,0,1,2,14,1,13,0,4,0,40,30,300,1300,31
SIM_COVER_USE,15,14,0,0
SIM,15,0,1,2,15,0,12,3,3,1,40,30,900,200,45
SIM_COVER_USE,15,15,0,0
SIM,15,0,1,2,16,1,12,0,3,0,40,28,300,1200,32
SIM_COVER_USE,15,16,0,0
SIM,15,0,1,2,17,0,12,0,3,0,40,28,900,300,45
SIM_COVER_USE,15,17,0,0
SIM,15,0,1,2,18,1,15,0,4,0,40,25,100,1300,31
SIM_COVER_USE,15,18,0,0
SIM,15,0,1,2,19,0,13,3,4,1,40,25,600,200,45
SIM_COVER_USE,15,19,0,0
SIM,15,0,1,2,20,1,13,0,4,0,40,22,300,1200,29
SIM_COVER_USE,15,20,0,0
SIM,15,0,1,2,21,0,13,0,4,0,40,22,800,1200,45
SIM_COVER_USE,15,21,0,0
SIM,15,0,1,2,22,1,13,0,4,0,40,18,500,2200,35
SIM_COVER_USE,15,22,0,0
SIM,15,0,1,2,23,0,12,3,3,1,40,18,1100,500,45
SIM_COVER_USE,15,23,0,0
SIM,15,0,1,2,24,1,15,0,4,0,40,15,300,1500,24
SIM_COVER_USE,15,24,0,0
SIM,15,0,1,2,25,0,15,0,4,0,40,15,800,1500,45
SIM_COVER_USE,15,25,0,0
SIM,15,0,1,2,26,1,15,0,4,0,40,11,500,2500,35
SIM_COVER_USE,15,26,0,0
SIM,15,0,1,2,27,0,13,3,4,1,40,11,1000,500,45
SIM_COVER_USE,15,27,0,0
SIM,15,0,1,2,28,1,13,0,4,0,40,8,400,1500,33
SIM_COVER_USE,15,28,0,0
SIM,15,0,1,2,29,0,13,0,4,0,40,8,900,1500,45
SIM_COVER_USE,15,29,0,0
SIM,15,0,1,2,30,1,13,0,4,0,40,4,300,2500,33
SIM_COVER_USE,15,30,0,0
SIM,15,0,1,2,31,0,11,3,4,1,40,4,800,500,45
SIM_COVER_USE,15,31,0,0
SIM,15,0,1,2,32,1,11,0,4,0,40,1,500,1500,35
SIM_COVER_USE,15,32,0,0
SIM,15,0,1,2,33,0,11,0,4,0,40,1,1000,1500,45
SIM_COVER_USE,15,33,0,0
SIM_END,15,0,1,2,33,0,0
SIM,16,1,1,0,1,0,0,6,0,1,40,40,1000,0,30
SIM_COVER_USE,16,1,0,0
SIM,16,1,1,0,2,1,3,6,1,1,40,39,200,800,19
SIM_COVER_USE,16,2,0,0
SIM,16,1,1,0,3,0,0,9,0,2,39,39,1200,300,45
SIM_COVER_USE,16,3,0,0
SIM,16,1,1,0,4,1,0,9,0,2,39,39,300,1000,39
SIM_COVER_USE,16,4,0,0
SIM,16,1,1,0,5,0,0,9,0,2,38,39,1300,400,45
SIM_COVER_USE,16,5,0,0
SIM,16,1,1,0,6,1,3,7,1,2,38,39,200,1100,36
SIM_COVER_USE,16,6,0,0
SIM,16,1,1,0,7,0,0,10,0,3,37,39,1200,300,45
SIM_COVER_USE,16,7,0,0
SIM,16,1,1,0,8,1,0,10,0,3,37,39,300,900,39
SIM_COVER_USE,16,8,0,0
SIM,16,1,1,0,9,0,0,10,0,3,35,39,1300,300,45
SIM_COVER_USE,16,9,0,0
SIM,16,1,1,0,10,1,3,9,1,2,35,39,200,1000,36
SIM_COVER_USE,16,10,0,0
SIM,16,1,1,0,11,0,0,12,0,3,34,39,1200,200,45
SIM_COVER_USE,16,11,0,0
SIM,16,1,1,0,12,1,0,12,0,3,34,39,300,800,39
SIM_COVER_USE,16,12,0,0
SIM,16,1,1,0,13,0,0,12,0,3,31,39,1300,500,45
SIM_COVER_USE,16,13,0,0
SIM,16,1,1,0,14,1,3,10,1,3,31,39,200,1100,36
SIM_COVER_USE,16,14,0,0
SIM,16,1,1,0,15,0,0,13,0,4,29,39,1200,300,45
SIM_COVER_USE,16,15,0,0
SIM,16,1,1,0,16,1,0,13,0,4,29,39,300,800,39
SIM_COVER_USE,16,16,0,0
SIM,16,1,1,0,17,0,0,13,0,4,25,39,1300,500,45
SIM_COVER_USE,16,17,0,0
SIM,16,1,1,0,18,1,3,11,1,4,25,39,500,1000,38
SIM_COVER_USE,16,18,0,0
SIM,16,1,1,0,19,0,0,11,0,4,22,39,1500,400,45
SIM_COVER_USE,16,19,0,0
SIM,16,1,1,0,20,1,0,11,0,4,22,39,1500,900,45
SIM_COVER_USE,16,20,0,0
SIM,16,1,1,0,21,0,0,11,0,4,18,39,2500,300,45
SIM_COVER_USE,16,21,0,0
SIM,16,1,1,0,22,1,3,9,1,3,18,39,500,1000,30
SIM_COVER_USE,16,22,0,0
SIM,16,1,1,0,23,0,1,12,1,4,15,39,1400,200,45
SIM_COVER_USE,16,23,0,0
SIM,16,1,1,0,24,1,1,10,1,4,15,39,500,800,37
SIM_COVER_USE,16,24,0,0
SIM,16,1,1,0,25,0,0,10,0,4,12,39,1500,500,45
SIM_COVER_USE,16,25,0,0
SIM,16,1,1,0,26,1,3,9,1,3,12,39,100,1200,34
SIM_COVER_USE,16,26,0,0
SIM,16,1,1,0,27,0,1,12,1,4,9,39,1000,100,45
SIM_COVER_USE,16,27,0,0
SIM,16,1,1,0,28,1,1,10,1,4,9,39,400,700,39
SIM_COVER_USE,16,28,0,0
SIM,16,1,1,0,29,0,0,10,0,4,6,39,1400,400,45
SIM_COVER_USE,16,29,0,0
SIM,16,1,1,0,30,1,3,9,1,3,6,39,300,1100,36
SIM_COVER_USE,16,30,0,0
SIM,16,1,1,0,31,0,1,12,1,4,3,39,1200,300,45
SIM_COVER_USE,16,31,0,0
SIM,16,1,1,0,32,1,1,10,1,4,3,39,300,900,37
SIM_COVER_USE,16,32,0,0
SIM_END,16,1,1,0,32,1,0
SIM,17,1,1,1,1,0,0,6,0,1,40,40,1000,0,30
SIM_COVER_USE,17,1,0,0
SIM,17,1,1,1,2,1,3,4,1,1,40,40,200,800,20
SIM_COVER_USE,17,2,0,0
SIM,17,1,1,1,3,0,0,7,0,2,39,40,1200,300,45
SIM_COVER_USE,17,3,0,0
SIM,17,1,1,1,4,1,0,7,0,2,39,40,300,1000,39
SIM_COVER_USE,17,4,0,0
SIM,17,1,1,1,5,0,0,7,0,2,38,40,1300,400,45
SIM_COVER_USE,17,5,0,0
SIM,17,1,1,1,6,1,3,5,1,2,38,40,200,1100,36
SIM_COVER_USE,17,6,0,0
SIM,17,1,1,1,7,0,0,8,0,3,37,40,1200,300,45
SIM_COVER_USE,17,7,0,0
SIM,17,1,1,1,8,1,0,8,0,3,37,40,300,900,39
SIM_COVER_USE,17,8,0,0
SIM,17,1,1,1,9,0,0,8,0,3,34,40,1300,300,45
SIM_COVER_USE,17,9,0,0
SIM,17,1,1,1,10,1,3,7,1,2,34,40,200,1000,36
SIM_COVER_USE,17,10,0,0
SIM,17,1,1,1,11,0,0,10,0,3,33,40,1200,200,45
SIM_COVER_USE,17,11,0,0
SIM,17,1,1,1,12,1,0,10,0,3,33,40,300,800,39
SIM_COVER_USE,17,12,0,0
SIM,17,1,1,1,13,0,0,10,0,3,30,40,1300,500,45
SIM_COVER_USE,17,13,0,0
SIM,17,1,1,1,14,1,3,8,1,3,30,40,200,1100,36
SIM_COVER_USE,17,14,0,0
SIM,17,1,1,1,15,0,0,11,0,4,28,40,1200,300,45
SIM_COVER_USE,17,15,0,0
SIM,17,1,1,1,16,1,0,11,0,4,28,40,300,800,39
SIM_COVER_USE,17,16,0,0
SIM,17,1,1,1,17,0,0,11,0,4,24,40,1300,500,45
SIM_COVER_USE,17,17,0,0
SIM,17,1,1,1,18,1,3,9,1,3,24,40,500,1200,38
SIM_COVER_USE,17,18,0,0
SIM,17,1,1,1,19,0,1,12,1,4,21,40,1400,100,45
SIM_COVER_USE,17,19,0,0
SIM,17,1,1,1,20,1,1,10,1,4,21,40,500,700,37
SIM_COVER_USE,17,20,0,0
SIM,17,1,1,1,21,0,0,10,0,4,18,40,1500,400,45
SIM_COVER_USE,17,21,0,0
SIM,17,1,1,1,22,1,3,9,1,3,18,40,100,1100,34
SIM_COVER_USE,17,22,0,0
SIM,17,1,1,1,23,0,1,12,1,4,15,40,1000,300,45
SIM_COVER_USE,17,23,0,0
SIM,17,1,1,1,24,1,1,10,1,4,15,40,400,900,39
SIM_COVER_USE,17,24,0,0
SIM,17,1,1,1,25,0,0,10,0,4,12,40,1400,300,45
SIM_COVER_USE,17,25,0,0
SIM,17,1,1,1,26,1,3,9,1,3,12,40,300,1000,36
SIM_COVER_USE,17,26,0,0
SIM,17,1,1,1,27,0,1,12,1,4,9,40,1200,200,45
SIM_COVER_USE,17,27,0,0
SIM,17,1,1,1,28,1,1,10,1,4,9,40,300,800,37
SIM_COVER_USE,17,28,0,0
SIM,17,1,1,1,29,0,0,10,0,4,6,40,1300,500,45
SIM_COVER_USE,17,29,0,0
SIM,17,1,1,1,30,1,3,9,1,3,6,40,200,1200,36
SIM_COVER_USE,17,30,0,0
SIM,17,1,1,1,31,0,1,12,1,4,3,40,1100,100,45
SIM_COVER_USE,17,31,0,0
SIM,17,1,1,1,32,1,1,10,1,4,3,40,500,700,39
SIM_COVER_USE,17,32,0,0
SIM_END,17,1,1,1,32,1,0
SIM,18,1,1,2,1,0,0,6,0,1,40,40,1000,0,30
SIM_COVER_USE,18,1,0,0
SIM,18,1,1,2,2,1,3,6,1,1,40,39,200,800,19
SIM_COVER_USE,18,2,0,0
SIM,18,1,1,2,3,0,0,9,0,2,39,39,1200,300,45
SIM_COVER_USE,18,3,0,0
SIM,18,1,1,2,4,1,0,9,0,2,39,39,300,1000,39
SIM_COVER_USE,18,4,0,0
SIM,18,1,1,2,5,0,0,9,0,2,38,39,1300,400,45
SIM_COVER_USE,18,5,0,0
SIM,18,1,1,2,6,1,3,7,1,2,38,39,200,1100,36
SIM_COVER_USE,18,6,0,0
SIM,18,1,1,2,7,0,0,10,0,3,37,39,1200,300,45
SIM_COVER_USE,18,7,0,0
SIM,18,1,1,2,8,1,0,10,0,3,37,39,300,900,39
SIM_COVER_USE,18,8,0,0
SIM,18,1,1,2,9,0,0,10,0,3,35,39,1300,300,45
SIM_COVER_USE,18,9,0,0
SIM,18,1,1,2,10,1,3,9,1,2,35,39,200,1000,36
SIM_COVER_USE,18,10,0,0
SIM,18,1,1,2,11,0,0,12,0,3,34,39,1200,200,45
SIM_COVER_USE,18,11,0,0
SIM,18,1,1,2,12,1,0,12,0,3,34,39,300,800,39
SIM_COVER_USE,18,12,0,0
SIM,18,1,1,2,13,0,0,12,0,3,31,39,1300,500,45
SIM_COVER_USE,18,13,0,0
SIM,18,1,1,2,14,1,3,10,1,3,31,39,200,1100,36
SIM_COVER_USE,18,14,0,0
SIM,18,1,1,2,15,0,0,13,0,4,29,39,1200,300,45
SIM_COVER_USE,18,15,0,0
SIM,18,1,1,2,16,1,0,13,0,4,29,39,300,800,39
SIM_COVER_USE,18,16,0,0
SIM,18,1,1,2,17,0,0,13,0,4,25,39,1300,500,45
SIM_COVER_USE,18,17,0,0
SIM,18,1,1,2,18,1,3,11,1,4,25,39,500,1000,38
SIM_COVER_USE,18,18,0,0
SIM,18,1,1,2,19,0,0,11,0,4,22,39,1500,400,45
SIM_COVER_USE,18,19,0,0
SIM,18,1,1,2,20,1,0,11,0,4,22,39,1500,900,45
SIM_COVER_USE,18,20,0,0
SIM,18,1,1,2,21,0,0,11,0,4,18,39,2500,300,45
SIM_COVER_USE,18,21,0,0
SIM,18,1,1,2,22,1,3,9,1,3,18,39,500,1000,30
SIM_COVER_USE,18,22,0,0
SIM,18,1,1,2,23,0,1,12,1,4,15,39,1400,200,45
SIM_COVER_USE,18,23,0,0
SIM,18,1,1,2,24,1,1,10,1,4,15,39,500,800,37
SIM_COVER_USE,18,24,0,0
SIM,18,1,1,2,25,0,0,10,0,4,12,39,1500,500,45
SIM_COVER_USE,18,25,0,0
SIM,18,1,1,2,26,1,3,9,1,3,12,39,100,1200,34
SIM_COVER_USE,18,26,0,0
SIM,18,1,1,2,27,0,1,12,1,4,9,39,1000,100,45
SIM_COVER_USE,18,27,0,0
SIM,18,1,1,2,28,1,1,10,1,4,9,39,400,700,39
SIM_COVER_USE,18,28,0,0
SIM,18,1,1,2,29,0,0,10,0,4,6,39,1400,400,45
SIM_COVER_USE,18,29,0,0
SIM,18,1,1,2,30,1,3,9,1,3,6,39,300,1100,36
SIM_COVER_USE,18,30,0,0
SIM,18,1,1,2,31,0,1,12,1,4,3,39,1200,300,45
SIM_COVER_USE,18,31,0,0
SIM,18,1,1,2,32,1,1,10,1,4,3,39,300,900,37
SIM_COVER_USE,18,32,0,0
SIM_END,18,1,1,2,32,1,0
SIM,19,0,2,0,1,0,12,0,2,0,40,40,1000,0,30
SIM_COVER_USE,19,1,0,0
SIM,19,0,2,0,2,1,12,0,2,0,40,39,400,1000,0
SIM_COVER_USE,19,2,0,0
SIM,19,0,2,0,3,0,10,3,2,1,40,39,1000,200,30
SIM_COVER_USE,19,3,0,0
SIM,19,0,2,0,4,1,13,0,3,0,40,38,200,1200,19
SIM_COVER_USE,19,4,0,0
SIM,19,0,2,0,5,0,13,0,3,0,40,38,700,300,45
SIM_COVER_USE,19,5,0,0
SIM,19,0,2,0,6,1,13,0,3,0,40,37,400,1300,41
SIM_COVER_USE,19,6,0,0
SIM,19,0,2,0,7,0,11,3,3,1,40,37,900,200,45
SIM_COVER_USE,19,7,0,0
SIM,19,0,2,0,8,1,14,0,4,0,40,35,100,1200,16
SIM_COVER_USE,19,8,0,0
SIM,19,0,2,0,9,0,14,0,4,0,40,35,500,300,45
SIM_COVER_USE,19,9,0,0
SIM,19,0,2,0,10,1,14,0,4,0,40,31,500,1300,31
SIM_COVER_USE,19,10,0,0
SIM,19,0,2,0,11,0,12,3,3,1,40,31,1100,500,45
SIM_COVER_USE,19,11,0,0
SIM,19,0,2,0,12,1,15,0,4,0,40,28,300,1500,20
SIM_COVER_USE,19,12,0,0
SIM,19,0,2,0,13,0,15,0,4,0,40,28,800,1500,45
SIM_COVER_USE,19,13,0,0
SIM,19,0,2,0,14,1,15,0,4,0,40,24,500,2500,35
SIM_COVER_USE,19,14,0,0
SIM,19,0,2,0,15,0,13,3,4,1,40,24,1000,500,45
SIM_COVER_USE,19,15,0,0
SIM,19,0,2,0,16,1,13,0,4,0,40,21,400,1500,33
SIM_COVER_USE,19,16,0,0
SIM,19,0,2,0,17,0,13,0,4,0,40,21,900,1500,45
SIM_COVER_USE,19,17,0,0
SIM,19,0,2,0,18,1,13,0,4,0,40,17,300,2500,33
SIM_COVER_USE,19,18,0,0
SIM,19,0,2,0,19,0,11,3,4,1,40,17,800,500,45
SIM_COVER_USE,19,19,0,0
SIM,19,0,2,0,20,1,11,0,4,0,40,14,500,1500,35
SIM_COVER_USE,19,20,0,0
SIM,19,0,2,0,21,0,11,0,4,0,40,14,1000,1500,45
SIM_COVER_USE,19,21,0,0
SIM,19,0,2,0,22,1,11,0,4,0,40,10,400,2500,33
SIM_COVER_USE,19,22,0,0
SIM,19,0,2,0,23,0,9,3,3,1,40,10,1100,500,45
SIM_COVER_USE,19,23,0,0
SIM,19,0,2,0,24,1,12,1,4,1,40,7,300,1400,30
SIM_COVER_USE,19,24,0,0
SIM,19,0,2,0,25,0,10,1,4,1,40,7,900,500,45
SIM_COVER_USE,19,25,0,0
SIM,19,0,2,0,26,1,10,0,4,0,40,4,300,1500,33
SIM_COVER_USE,19,26,0,0
SIM,19,0,2,0,27,0,9,3,3,1,40,4,1000,100,45
SIM_COVER_USE,19,27,0,0
SIM_END,19,0,2,0,27,0,0
SIM,20,0,2,1,1,0,12,0,2,0,40,40,1000,0,30
SIM_COVER_USE,20,1,0,0
SIM,20,0,2,1,2,1,15,0,3,0,40,39,200,1000,3
SIM_COVER_USE,20,2,0,0
SIM,20,0,2,1,3,0,13,3,3,1,40,39,700,200,33
SIM_COVER_USE,20,3,0,0
SIM,20,0,2,1,4,1,13,0,3,0,40,38,400,1200,25
SIM_COVER_USE,20,4,0,0
SIM,20,0,2,1,5,0,13,0,3,0,40,38,900,300,45
SIM_COVER_USE,20,5,0,0
SIM,20,0,2,1,6,1,16,0,4,0,40,35,100,1300,19
SIM_COVER_USE,20,6,0,0
SIM,20,0,2,1,7,0,15,3,3,1,40,35,600,200,45
SIM_COVER_USE,20,7,0,0
SIM,20,0,2,1,8,1,15,0,3,0,40,33,300,1200,36
SIM_COVER_USE,20,8,0,0
SIM,20,0,2,1,9,0,15,0,3,0,40,33,800,300,45
SIM_COVER_USE,20,9,0,0
SIM,20,0,2,1,10,1,18,0,4,0,40,30,300,1300,33
SIM_COVER_USE,20,10,0,0
SIM,20,0,2,1,11,0,16,3,4,1,40,30,700,200,45
SIM_COVER_USE,20,11,0,0
SIM,20,0,2,1,12,1,16,0,4,0,40,27,400,1200,29
SIM_COVER_USE,20,12,0,0
SIM,20,0,2,1,13,0,16,0,4,0,40,27,800,1200,45
SIM_COVER_USE,20,13,0,0
SIM,20,0,2,1,14,1,16,0,4,0,40,23,500,2200,35
SIM_COVER_USE,20,14,0,0
SIM,20,0,2,1,15,0,14,3,4,1,40,23,900,500,45
SIM_COVER_USE,20,15,0,0
SIM,20,0,2,1,16,1,14,0,4,0,40,20,300,1500,29
SIM_COVER_USE,20,16,0,0
SIM,20,0,2,1,17,0,14,0,4,0,40,20,700,300,45
SIM_COVER_USE,20,17,0,0
SIM,20,0,2,1,18,1,14,0,4,0,40,17,400,1300,35
SIM_COVER_USE,20,18,0,0
SIM,20,0,2,1,19,0,13,3,3,1,40,17,900,200,45
SIM_COVER_USE,20,19,0,0
SIM,20,0,2,1,20,1,16,0,4,0,40,14,100,1200,22
SIM_COVER_USE,20,20,0,0
SIM,20,0,2,1,21,0,16,0,4,0,40,14,500,1200,45
SIM_COVER_USE,20,21,0,0
SIM,20,0,2,1,22,1,16,0,4,0,40,10,500,2200,37
SIM_COVER_USE,20,22,0,0
SIM,20,0,2,1,23,0,14,3,4,1,40,10,900,500,45
SIM_COVER_USE,20,23,0,0
SIM,20,0,2,1,24,1,14,0,4,0,40,7,300,1500,33
SIM_COVER_USE,20,24,0,0
SIM,20,0,2,1,25,0,14,0,4,0,40,7,700,1500,45
SIM_COVER_USE,20,25,0,0
SIM,20,0,2,1,26,1,14,0,4,0,40,3,400,2500,35
SIM_COVER_USE,20,26,0,0
SIM,20,0,2,1,27,0,12,3,3,1,40,3,1000,500,45
SIM_COVER_USE,20,27,0,0
SIM_END,20,0,2,1,27,0,0
SIM,21,0,2,2,1,0,12,0,2,0,40,40,1000,0,30
SIM_COVER_USE,21,1,0,0
SIM,21,0,2,2,2,1,12,0,2,0,40,39,400,1000,0
SIM_COVER_USE,21,2,0,0
SIM,21,0,2,2,3,0,10,3,2,1,40,39,1000,200,30
SIM_COVER_USE,21,3,0,0
SIM,21,0,2,2,4,1,13,0,3,0,40,38,200,1200,19
SIM_COVER_USE,21,4,0,0
SIM,21,0,2,2,5,0,13,0,3,0,40,38,700,300,45
SIM_COVER_USE,21,5,0,0
SIM,21,0,2,2,6,1,13,0,3,0,40,37,400,1300,41
SIM_COVER_USE,21,6,0,0
SIM,21,0,2,2,7,0,11,3,3,1,40,37,900,200,45
SIM_COVER_USE,21,7,0,0
SIM,21,0,2,2,8,1,14,0,4,0,40,35,100,1200,16
SIM_COVER_USE,21,8,0,0
SIM,21,0,2,2,9,0,14,0,4,0,40,35,500,300,45
SIM_COVER_USE,21,9,0,0
SIM,21,0,2,2,10,1,14,0,4,0,40,31,500,1300,31
SIM_COVER_USE,21,10,0,0
SIM,21,0,2,2,11,0,12,3,3,1,40,31,1100,500,45
SIM_COVER_USE,21,11,0,0
SIM,21,0,2,2,12,1,15,0,4,0,40,28,300,1500,20
SIM_COVER_USE,21,12,0,0
SIM,21,0,2,2,13,0,15,0,4,0,40,28,800,1500,45
SIM_COVER_USE,21,13,0,0
SIM,21,0,2,2,14,1,15,0,4,0,40,24,500,2500,35
SIM_COVER_USE,21,14,0,0
SIM,21,0,2,2,15,0,13,3,4,1,40,24,1000,500,45
SIM_COVER_USE,21,15,0,0
SIM,21,0,2,2,16,1,13,0,4,0,40,21,400,1500,33
SIM_COVER_USE,21,16,0,0
SIM,21,0,2,2,17,0,13,0,4,0,40,21,900,1500,45
SIM_COVER_USE,21,17,0,0
SIM,21,0,2,2,18,1,13,0,4,0,40,17,300,2500,33
SIM_COVER_USE,21,18,0,0
SIM,21,0,2,2,19,0,11,3,4,1,40,17,800,500,45
SIM_COVER_USE,21,19,0,0
SIM,21,0,2,2,20,1,11,0,4,0,40,14,500,1500,35
SIM_COVER_USE,21,20,0,0
SIM,21,0,2,2,21,0,11,0,4,0,40,14,1000,1500,45
SIM_COVER_USE,21,21,0,0
SIM,21,0,2,2,22,1,11,0,4,0,40,10,400,2500,33
SIM_COVER_USE,21,22,0,0
SIM,21,0,2,2,23,0,9,3,3,1,40,10,1100,500,45
SIM_COVER_USE,21,23,0,0
SIM,21,0,2,2,24,1,12,1,4,1,40,7,300,1400,30
SIM_COVER_USE,21,24,0,0
SIM,21,0,2,2,25,0,10,1,4,1,40,7,900,500,45
SIM_COVER_USE,21,25,0,0
SIM,21,0,2,2,26,1,10,0,4,0,40,4,300,1500,33
SIM_COVER_USE,21,26,0,0
SIM,21,0,2,2,27,0,9,3,3,1,40,4,1000,100,45
SIM_COVER_USE,21,27,0,0
SIM_END,21,0,2,2,27,0,0
SIM,22,1,2,0,1,0,0,12,0,2,40,40,1000,0,30
SIM_COVER_USE,22,1,0,0
SIM,22,1,2,0,2,1,3,10,1,2,40,40,200,600,20
SIM_COVER_USE,22,2,0,0
SIM,22,1,2,0,3,0,0,13,0,3,39,40,1200,100,45
SIM_COVER_USE,22,3,0,0
SIM,22,1,2,0,4,1,0,13,0,3,39,40,300,600,39
SIM_COVER_USE,22,4,0,0
SIM,22,1,2,0,5,0,0,13,0,3,37,40,1300,300,45
SIM_COVER_USE,22,5,0,0
SIM,22,1,2,0,6,1,3,11,1,3,37,40,200,800,36
SIM_COVER_USE,22,6,0,0
SIM,22,1,2,0,7,0,0,14,0,4,35,40,1200,300,45
SIM_COVER_USE,22,7,0,0
SIM,22,1,2,0,8,1,0,14,0,4,35,40,300,700,39
SIM_COVER_USE,22,8,0,0
SIM,22,1,2,0,9,0,0,14,0,4,31,40,1300,400,45
SIM_COVER_USE,22,9,0,0
SIM,22,1,2,0,10,1,3,13,1,3,31,40,500,900,38
SIM_COVER_USE,22,10,0,0
SIM,22,1,2,0,11,0,0,16,0,4,28,40,1500,100,45
SIM_COVER_USE,22,11,0,0
SIM,22,1,2,0,12,1,0,16,0,4,28,40,1500,500,45
SIM_COVER_USE,22,12,0,0
SIM,22,1,2,0,13,0,0,16,0,4,24,40,2500,500,45
SIM_COVER_USE,22,13,0,0
SIM,22,1,2,0,14,1,3,14,1,4,24,40,500,900,30
SIM_COVER_USE,22,14,0,0
SIM,22,1,2,0,15,0,0,14,0,4,21,40,1500,300,45
SIM_COVER_USE,22,15,0,0
SIM,22,1,2,0,16,1,0,14,0,4,21,40,1500,700,45
SIM_COVER_USE,22,16,0,0
SIM,22,1,2,0,17,0,0,14,0,4,17,40,2500,400,45
SIM_COVER_USE,22,17,0,0
SIM,22,1,2,0,18,1,3,12,1,4,17,40,500,800,30
SIM_COVER_USE,22,18,0,0
SIM,22,1,2,0,19,0,0,12,0,4,14,40,1500,500,45
SIM_COVER_USE,22,19,0,0
SIM,22,1,2,0,20,1,0,12,0,4,14,40,1500,900,45
SIM_COVER_USE,22,20,0,0
SIM,22,1,2,0,21,0,0,12,0,4,10,40,2500,300,45
SIM_COVER_USE,22,21,0,0
SIM,22,1,2,0,22,1,3,10,1,3,10,40,500,900,30
SIM_COVER_USE,22,22,0,0
SIM,22,1,2,0,23,0,0,13,0,4,7,40,1500,100,45
SIM_COVER_USE,22,23,0,0
SIM,22,1,2,0,24,1,0,13,0,4,7,40,1500,600,45
SIM_COVER_USE,22,24,0,0
SIM,22,1,2,0,25,0,0,13,0,4,3,40,2500,300,45
SIM_COVER_USE,22,25,0,0
SIM,22,1,2,0,26,1,3,11,1,4,3,40,500,800,30
SIM_COVER_USE,22,26,0,0
SIM_END,22,1,2,0,26,1,0
SIM,23,1,2,1,1,0,0,12,0,2,40,40,1000,0,30
SIM_COVER_USE,23,1,0,0
SIM,23,1,2,1,2,1,3,10,1,2,40,40,200,600,21
SIM_COVER_USE,23,2,0,0
SIM,23,1,2,1,3,0,0,13,0,3,39,40,1200,100,45
SIM_COVER_USE,23,3,0,0
SIM,23,1,2,1,4,1,0,13,0,3,39,40,300,600,39
SIM_COVER_USE,23,4,0,0
SIM,23,1,2,1,5,0,0,13,0,3,38,40,1300,300,45
SIM_COVER_USE,23,5,0,0
SIM,23,1,2,1,6,1,3,11,1,3,38,40,200,800,36
SIM_COVER_USE,23,6,0,0
SIM,23,1,2,1,7,0,0,14,0,4,36,40,1200,300,45
SIM_COVER_USE,23,7,0,0
SIM,23,1,2,1,8,1,0,14,0,4,36,40,300,700,39
SIM_COVER_USE,23,8,0,0
SIM,23,1,2,1,9,0,0,14,0,4,33,40,1300,400,45
SIM_COVER_USE,23,9,0,0
SIM,23,1,2,1,10,1,3,13,1,3,33,40,200,900,36
SIM_COVER_USE,23,10,0,0
SIM,23,1,2,1,11,0,0,16,0,4,31,40,1200,100,45
SIM_COVER_USE,23,11,0,0
SIM,23,1,2,1,12,1,0,16,0,4,31,40,300,500,39
SIM_COVER_USE,23,12,0,0
SIM,23,1,2,1,13,0,0,16,0,4,27,40,1300,500,45
SIM_COVER_USE,23,13,0,0
SIM,23,1,2,1,14,1,3,14,1,4,27,40,500,900,38
SIM_COVER_USE,23,14,0,0
SIM,23,1,2,1,15,0,0,14,0,4,24,40,1500,300,45
SIM_COVER_USE,23,15,0,0
SIM,23,1,2,1,16,1,0,14,0,4,24,40,1500,700,45
SIM_COVER_USE,23,16,0,0
SIM,23,1,2,1,17,0,0,14,0,4,20,40,2500,400,45
SIM_COVER_USE,23,17,0,0
SIM,23,1,2,1,18,1,3,12,1,4,20,40,500,800,30
SIM_COVER_USE,23,18,0,0
SIM,23,1,2,1,19,0,0,12,0,4,17,40,1500,500,45
SIM_COVER_USE,23,19,0,0
SIM,23,1,2,1,20,1,0,12,0,4,17,40,1500,900,45
SIM_COVER_USE,23,20,0,0
SIM,23,1,2,1,21,0,0,12,0,4,13,40,2500,300,45
SIM_COVER_USE,23,21,0,0
SIM,23,1,2,1,22,1,3,10,1,3,13,40,500,900,30
SIM_COVER_USE,23,22,0,0
SIM,23,1,2,1,23,0,0,13,0,4,10,40,1500,100,45
SIM_COVER_USE,23,23,0,0
SIM,23,1,2,1,24,1,0,13,0,4,10,40,1500,600,45
SIM_COVER_USE,23,24,0,0
SIM,23,1,2,1,25,0,0,13,0,4,6,40,2500,300,45
SIM_COVER_USE,23,25,0,0
SIM,23,1,2,1,26,1,3,11,1,4,6,40,500,800,30
SIM_COVER_USE,23,26,0,0
SIM,23,1,2,1,27,0,0,11,0,4,3,40,1500,500,45
SIM_COVER_USE,23,27,0,0
SIM,23,1,2,1,28,1,0,11,0,4,3,40,1500,1000,45
SIM_COVER_USE,23,28,0,0
SIM_END,23,1,2,1,28,1,0
SIM,24,1,2,2,1,0,0,12,0,2,40,40,1000,0,30
SIM_COVER_USE,24,1,0,0
SIM,24,1,2,2,2,1,3,10,1,2,40,40,200,600,20
SIM_COVER_USE,24,2,0,0
SIM,24,1,2,2,3,0,0,13,0,3,39,40,1200,100,45
SIM_COVER_USE,24,3,0,0
SIM,24,1,2,2,4,1,0,13,0,3,39,40,300,600,39
SIM_COVER_USE,24,4,0,0
SIM,24,1,2,2,5,0,0,13,0,3,37,40,1300,300,45
SIM_COVER_USE,24,5,0,0
SIM,24,1,2,2,6,1,3,11,1,3,37,40,200,800,36
SIM_COVER_USE,24,6,0,0
SIM,24,1,2,2,7,0,0,14,0,4,34,40,1200,300,45
SIM_COVER_USE,24,7,0,0
SIM,24,1,2,2,8,1,0,14,0,4,34,40,300,700,39
SIM_COVER_USE,24,8,0,0
SIM,24,1,2,2,9,0,0,14,0,4,31,40,1300,400,45
SIM_COVER_USE,24,9,0,0
SIM,24,1,2,2,10,1,3,13,1,3,31,40,200,900,36
SIM_COVER_USE,24,10,0,0
SIM,24,1,2,2,11,0,0,16,0,4,29,40,1200,100,45
SIM_COVER_USE,24,11,0,0
SIM,24,1,2,2,12,1,0,16,0,4,29,40,300,500,39
SIM_COVER_USE,24,12,0,0
SIM,24,1,2,2,13,0,0,16,0,4,25,40,1300,500,45
SIM_COVER_USE,24,13,0,0
SIM,24,1,2,2,14,1,3,14,1,4,25,40,500,900,38
SIM_COVER_USE,24,14,0,0
SIM,24,1,2,2,15,0,0,14,0,4,22,40,1500,300,45
SIM_COVER_USE,24,15,0,0
SIM,24,1,2,2,16,1,0,14,0,4,22,40,1500,700,45
SIM_COVER_USE,24,16,0,0
SIM,24,1,2,2,17,0,0,14,0,4,18,40,2500,400,45
SIM_COVER_USE,24,17,0,0
SIM,24,1,2,2,18,1,3,12,1,4,18,40,500,800,30
SIM_COVER_USE,24,18,0,0
SIM,24,1,2,2,19,0,0,12,0,4,15,40,1500,500,45
SIM_COVER_USE,24,19,0,0
SIM,24,1,2,2,20,1,0,12,0,4,15,40,1500,900,45
SIM_COVER_USE,24,20,0,0
SIM,24,1,2,2,21,0,0,12,0,4,11,40,2500,300,45
SIM_COVER_USE,24,21,0,0
SIM,24,1,2,2,22,1,3,10,1,3,11,40,500,900,30
SIM_COVER_USE,24,22,0,0
SIM,24,1,2,2,23,0,0,13,0,4,8,40,1500,100,45
SIM_COVER_USE,24,23,0,0
SIM,24,1,2,2,24,1,0,13,0,4,8,40,1500,600,45
SIM_COVER_USE,24,24,0,0
SIM,24,1,2,2,25,0,0,13,0,4,4,40,2500,300,45
SIM_COVER_USE,24,25,0,0
SIM,24,1,2,2,26,1,3,11,1,4,4,40,500,800,30
SIM_COVER_USE,24,26,0,0
SIM,24,1,2,2,27,0,0,11,0,4,1,40,1500,500,45
SIM_COVER_USE,24,27,0,0
SIM,24,1,2,2,28,1,0,11,0,4,1,40,1500,1000,45
SIM_COVER_USE,24,28,0,0
SIM_END,24,1,2,2,28,1,0
SIM,25,0,3,0,1,0,18,0,3,0,40,40,1000,0,30
SIM_COVER_USE,25,1,0,0
SIM,25,0,3,0,2,1,21,0,4,0,40,40,200,1000,0
SIM_COVER_USE,25,2,0,0
SIM,25,0,3,0,3,0,19,3,4,1,40,40,500,200,30
SIM_COVER_USE,25,3,0,0
SIM,25,0,3,0,4,1,19,0,4,0,40,38,500,1200,17
SIM_COVER_USE,25,4,0,0
SIM,25,0,3,0,5,0,19,0,4,0,40,38,800,300,45
SIM_COVER_USE,25,5,0,0
SIM,25,0,3,0,6,1,19,0,4,0,40,34,500,1300,23
SIM_COVER_USE,25,6,0,0
SIM,25,0,3,0,7,0,17,3,4,1,40,34,800,500,45
SIM_COVER_USE,25,7,0,0
SIM,25,0,3,0,8,1,17,0,4,0,40,31,500,1500,31
SIM_COVER_USE,25,8,0,0
SIM,25,0,3,0,9,0,17,0,4,0,40,31,800,300,45
SIM_COVER_USE,25,9,0,0
SIM,25,0,3,0,10,1,17,0,4,0,40,28,500,1300,35
SIM_COVER_USE,25,10,0,0
SIM,25,0,3,0,11,0,16,3,3,1,40,28,900,200,45
SIM_COVER_USE,25,11,0,0
SIM,25,0,3,0,12,1,19,0,4,0,40,25,100,1200,28
SIM_COVER_USE,25,12,0,0
SIM,25,0,3,0,13,0,19,0,4,0,40,25,400,300,45
SIM_COVER_USE,25,13,0,0
SIM,25,0,3,0,14,1,19,0,4,0,40,21,400,1300,31
SIM_COVER_USE,25,14,0,0
SIM,25,0,3,0,15,0,17,3,4,1,40,21,700,500,45
SIM_COVER_USE,25,15,0,0
SIM,25,0,3,0,16,1,17,0,4,0,40,18,400,1500,31
SIM_COVER_USE,25,16,0,0
SIM,25,0,3,0,17,0,17,0,4,0,40,18,700,300,45
SIM_COVER_USE,25,17,0,0
SIM,25,0,3,0,18,1,17,0,4,0,40,15,400,1300,35
SIM_COVER_USE,25,18,0,0
SIM,25,0,3,0,19,0,16,3,3,1,40,15,800,200,45
SIM_COVER_USE,25,19,0,0
SIM,25,0,3,0,20,1,19,0,4,0,40,12,300,1200,30
SIM_COVER_USE,25,20,0,0
SIM,25,0,3,0,21,0,19,0,4,0,40,12,600,300,45
SIM_COVER_USE,25,21,0,0
SIM,25,0,3,0,22,1,19,0,4,0,40,8,300,1300,29
SIM_COVER_USE,25,22,0,0
SIM,25,0,3,0,23,0,17,3,4,1,40,8,600,500,45
SIM_COVER_USE,25,23,0,0
SIM,25,0,3,0,24,1,17,0,4,0,40,5,300,1500,31
SIM_COVER_USE,25,24,0,0
SIM,25,0,3,0,25,0,17,0,4,0,40,5,600,300,45
SIM_COVER_USE,25,25,0,0
SIM,25,0,3,0,26,1,17,0,4,0,40,2,300,1300,35
SIM_COVER_USE,25,26,0,0
SIM,25,0,3,0,27,0,16,3,3,1,40,2,700,200,45
SIM_COVER_USE,25,27,0,0
SIM_END,25,0,3,0,27,0,0
SIM,26,0,3,1,1,0,18,0,3,0,40,40,1000,0,30
SIM_COVER_USE,26,1,0,0
SIM,26,0,3,1,2,1,21,0,4,0,40,38,200,1000,1
SIM_COVER_USE,26,2,0,0
SIM,26,0,3,1,3,0,19,3,4,1,40,38,500,200,31
SIM_COVER_USE,26,3,0,0
SIM,26,0,3,1,4,1,19,0,4,0,40,36,500,1200,13
SIM_COVER_USE,26,4,0,0
SIM,26,0,3,1,5,0,19,0,4,0,40,36,800,300,43
SIM_COVER_USE,26,5,0,0
SIM,26,0,3,1,6,1,19,0,4,0,40,33,500,1300,25
SIM_COVER_USE,26,6,0,0
SIM,26,0,3,1,7,0,18,3,3,1,40,33,900,200,45
SIM_COVER_USE,26,7,0,0
SIM,26,0,3,1,8,1,21,0,4,0,40,31,100,1200,29
SIM_COVER_USE,26,8,0,0
SIM,26,0,3,1,9,0,21,0,4,0,40,31,400,300,45
SIM_COVER_USE,26,9,0,0
SIM,26,0,3,1,10,1,21,0,4,0,40,27,400,1300,31
SIM_COVER_USE,26,10,0,0
SIM,26,0,3,1,11,0,19,3,4,1,40,27,700,500,45
SIM_COVER_USE,26,11,0,0
SIM,26,0,3,1,12,1,19,0,4,0,40,24,400,1500,35
SIM_COVER_USE,26,12,0,0
SIM,26,0,3,1,13,0,19,0,4,0,40,24,700,1500,45
SIM_COVER_USE,26,13,0,0
SIM,26,0,3,1,14,1,19,0,4,0,40,20,400,2500,35
SIM_COVER_USE,26,14,0,0
SIM,26,0,3,1,15,0,17,3,4,1,40,20,700,500,45
SIM_COVER_USE,26,15,0,0
SIM,26,0,3,1,16,1,17,0,4,0,40,17,400,1500,35
SIM_COVER_USE,26,16,0,0
SIM,26,0,3,1,17,0,17,0,4,0,40,17,700,1500,45
SIM_COVER_USE,26,17,0,0
SIM,26,0,3,1,18,1,17,0,4,0,40,13,400,2500,35
SIM_COVER_USE,26,18,0,0
SIM,26,0,3,1,19,0,15,3,3,1,40,13,900,500,45
SIM_COVER_USE,26,19,0,0
SIM,26,0,3,1,20,1,18,0,4,0,40,10,100,1500,20
SIM_COVER_USE,26,20,0,0
SIM,26,0,3,1,21,0,18,0,4,0,40,10,500,1500,45
SIM_COVER_USE,26,21,0,0
SIM,26,0,3,1,22,1,18,0,4,0,40,6,500,2500,37
SIM_COVER_USE,26,22,0,0
SIM,26,0,3,1,23,0,16,3,4,1,40,6,900,500,45
SIM_COVER_USE,26,23,0,0
SIM,26,0,3,1,24,1,16,0,4,0,40,3,300,1500,33
SIM_COVER_USE,26,24,0,0
SIM,26,0,3,1,25,0,16,0,4,0,40,3,700,1500,45
SIM_COVER_USE,26,25,0,0
SIM_END,26,0,3,1,25,0,0
SIM,27,0,3,2,1,0,18,0,3,0,40,40,1000,0,30
SIM_COVER_USE,27,1,0,0
SIM,27,0,3,2,2,1,21,0,4,0,40,40,200,1000,0
SIM_COVER_USE,27,2,0,0
SIM,27,0,3,2,3,0,19,3,4,1,40,40,500,200,30
SIM_COVER_USE,27,3,0,0
SIM,27,0,3,2,4,1,19,0,4,0,40,38,500,1200,17
SIM_COVER_USE,27,4,0,0
SIM,27,0,3,2,5,0,19,0,4,0,40,38,800,300,45
SIM_COVER_USE,27,5,0,0
SIM,27,0,3,2,6,1,19,0,4,0,40,34,500,1300,23
SIM_COVER_USE,27,6,0,0
SIM,27,0,3,2,7,0,17,3,4,1,40,34,800,500,45
SIM_COVER_USE,27,7,0,0
SIM,27,0,3,2,8,1,17,0,4,0,40,31,500,1500,31
SIM_COVER_USE,27,8,0,0
SIM,27,0,3,2,9,0,17,0,4,0,40,31,800,300,45
SIM_COVER_USE,27,9,0,0
SIM,27,0,3,2,10,1,17,0,4,0,40,28,500,1300,35
SIM_COVER_USE,27,10,0,0
SIM,27,0,3,2,11,0,16,3,3,1,40,28,900,200,45
SIM_COVER_USE,27,11,0,0
SIM,27,0,3,2,12,1,19,0,4,0,40,25,100,1200,22
SIM_COVER_USE,27,12,0,0
SIM,27,0,3,2,13,0,19,0,4,0,40,25,400,1200,45
SIM_COVER_USE,27,13,0,0
SIM,27,0,3,2,14,1,19,0,4,0,40,21,400,2200,37
SIM_COVER_USE,27,14,0,0
SIM,27,0,3,2,15,0,17,3,4,1,40,21,700,500,45
SIM_COVER_USE,27,15,0,0
SIM,27,0,3,2,16,1,17,0,4,0,40,18,400,1500,35
SIM_COVER_USE,27,16,0,0
SIM,27,0,3,2,17,0,17,0,4,0,40,18,700,1500,45
SIM_COVER_USE,27,17,0,0
SIM,27,0,3,2,18,1,17,0,4,0,40,14,400,2500,35
SIM_COVER_USE,27,18,0,0
SIM,27,0,3,2,19,0,15,3,4,1,40,14,700,500,45
SIM_COVER_USE,27,19,0,0
SIM,27,0,3,2,20,1,15,0,4,0,40,11,400,1500,35
SIM_COVER_USE,27,20,0,0
SIM,27,0,3,2,21,0,15,0,4,0,40,11,700,1500,45
SIM_COVER_USE,27,21,0,0
SIM,27,0,3,2,22,1,15,0,4,0,40,7,400,2500,35
SIM_COVER_USE,27,22,0,0
SIM,27,0,3,2,23,0,13,3,3,1,40,7,900,500,45
SIM_COVER_USE,27,23,0,0
SIM,27,0,3,2,24,1,16,0,4,0,40,4,100,1500,20
SIM_COVER_USE,27,24,0,0
SIM,27,0,3,2,25,0,16,0,4,0,40,4,500,1500,45
SIM_COVER_USE,27,25,0,0
SIM_END,27,0,3,2,25,0,0
SIM,28,1,3,0,1,0,0,18,0,3,40,40,1000,0,30
SIM_COVER_USE,28,1,0,0
SIM,28,1,3,0,2,1,3,16,1,3,40,40,200,400,21
SIM_COVER_USE,28,2,0,0
SIM,28,1,3,0,3,0,0,19,0,4,39,40,1200,200,45
SIM_COVER_USE,28,3,0,0
SIM,28,1,3,0,4,1,0,19,0,4,39,40,300,500,39
SIM_COVER_USE,28,4,0,0
SIM,28,1,3,0,5,0,0,19,0,4,35,40,1300,500,45
SIM_COVER_USE,28,5,0,0
SIM,28,1,3,0,6,1,3,17,1,4,35,40,200,800,36
SIM_COVER_USE,28,6,0,0
SIM,28,1,3,0,7,0,0,17,0,4,33,40,1200,500,45
SIM_COVER_USE,28,7,0,0
SIM,28,1,3,0,8,1,0,17,0,4,33,40,300,800,39
SIM_COVER_USE,28,8,0,0
SIM,28,1,3,0,9,0,0,17,0,4,30,40,1300,500,45
SIM_COVER_USE,28,9,0,0
SIM,28,1,3,0,10,1,3,15,1,4,30,40,200,800,36
SIM_COVER_USE,28,10,0,0
SIM,28,1,3,0,11,0,0,15,0,4,28,40,1200,500,45
SIM_COVER_USE,28,11,0,0
SIM,28,1,3,0,12,1,0,15,0,4,28,40,300,800,39
SIM_COVER_USE,28,12,0,0
SIM,28,1,3,0,13,0,0,15,0,4,25,40,1300,500,45
SIM_COVER_USE,28,13,0,0
SIM,28,1,3,0,14,1,3,13,1,3,25,40,200,1000,36
SIM_COVER_USE,28,14,0,0
SIM,28,1,3,0,15,0,0,16,0,4,22,40,1200,200,45
SIM_COVER_USE,28,15,0,0
SIM,28,1,3,0,16,1,0,16,0,4,22,40,300,600,39
SIM_COVER_USE,28,16,0,0
SIM,28,1,3,0,17,0,0,16,0,4,19,40,1300,300,45
SIM_COVER_USE,28,17,0,0
SIM,28,1,3,0,18,1,3,14,1,4,19,40,200,700,36
SIM_COVER_USE,28,18,0,0
SIM,28,1,3,0,19,0,0,14,0,4,17,40,1200,400,45
SIM_COVER_USE,28,19,0,0
SIM,28,1,3,0,20,1,0,14,0,4,17,40,300,800,39
SIM_COVER_USE,28,20,0,0
SIM,28,1,3,0,21,0,0,14,0,4,14,40,1300,500,45
SIM_COVER_USE,28,21,0,0
SIM,28,1,3,0,22,1,3,13,1,3,14,40,200,1000,36
SIM_COVER_USE,28,22,0,0
SIM,28,1,3,0,23,0,0,16,0,4,11,40,1200,200,45
SIM_COVER_USE,28,23,0,0
SIM,28,1,3,0,24,1,0,16,0,4,11,40,300,600,39
SIM_COVER_USE,28,24,0,0
SIM,28,1,3,0,25,0,0,16,0,4,8,40,1300,300,45
SIM_COVER_USE,28,25,0,0
SIM,28,1,3,0,26,1,3,14,1,4,8,40,200,700,36
SIM_COVER_USE,28,26,0,0
SIM,28,1,3,0,27,0,0,14,0,4,6,40,1200,400,45
SIM_COVER_USE,28,27,0,0
SIM,28,1,3,0,28,1,0,14,0,4,6,40,300,800,39
SIM_COVER_USE,28,28,0,0
SIM,28,1,3,0,29,0,0,14,0,4,3,40,1300,500,45
SIM_COVER_USE,28,29,0,0
SIM,28,1,3,0,30,1,3,13,1,3,3,40,200,1000,36
SIM_COVER_USE,28,30,0,0
SIM_END,28,1,3,0,30,1,0
SIM,29,1,3,1,1,0,0,18,0,3,40,40,1000,0,30
SIM_COVER_USE,29,1,0,0
SIM,29,1,3,1,2,1,3,16,1,3,40,40,200,400,22
SIM_COVER_USE,29,2,0,0
SIM,29,1,3,1,3,0,0,19,0,4,39,40,1200,200,45
SIM_COVER_USE,29,3,0,0
SIM,29,1,3,1,4,1,0,19,0,4,39,40,300,500,39
SIM_COVER_USE,29,4,0,0
SIM,29,1,3,1,5,0,0,19,0,4,37,40,1300,500,45
SIM_COVER_USE,29,5,0,0
SIM,29,1,3,1,6,1,3,17,1,4,37,40,200,800,36
SIM_COVER_USE,29,6,0,0
SIM,29,1,3,1,7,0,0,17,0,4,34,40,1200,500,45
SIM_COVER_USE,29,7,0,0
SIM,29,1,3,1,8,1,0,17,0,4,34,40,300,800,39
SIM_COVER_USE,29,8,0,0
SIM,29,1,3,1,9,0,0,17,0,4,31,40,1300,500,45
SIM_COVER_USE,29,9,0,0
SIM,29,1,3,1,10,1,3,16,1,3,31,40,200,900,36
SIM_COVER_USE,29,10,0,0
SIM,29,1,3,1,11,0,0,19,0,4,28,40,1200,100,45
SIM_COVER_USE,29,11,0,0
SIM,29,1,3,1,12,1,0,19,0,4,28,40,300,400,39
SIM_COVER_USE,29,12,0,0
SIM,29,1,3,1,13,0,0,19,0,4,24,40,1300,400,45
SIM_COVER_USE,29,13,0,0
SIM,29,1,3,1,14,1,3,17,1,4,24,40,500,700,38
SIM_COVER_USE,29,14,0,0
SIM,29,1,3,1,15,0,0,17,0,4,21,40,1500,400,45
SIM_COVER_USE,29,15,0,0
SIM,29,1,3,1,16,1,0,17,0,4,21,40,300,700,37
SIM_COVER_USE,29,16,0,0
SIM,29,1,3,1,17,0,0,17,0,4,18,40,1300,400,45
SIM_COVER_USE,29,17,0,0
SIM,29,1,3,1,18,1,3,16,1,3,18,40,200,800,36
SIM_COVER_USE,29,18,0,0
SIM,29,1,3,1,19,0,0,19,0,4,15,40,1200,300,45
SIM_COVER_USE,29,19,0,0
SIM,29,1,3,1,20,1,0,19,0,4,15,40,300,600,39
SIM_COVER_USE,29,20,0,0
SIM,29,1,3,1,21,0,0,19,0,4,11,40,1300,300,45
SIM_COVER_USE,29,21,0,0
SIM,29,1,3,1,22,1,3,17,1,4,11,40,500,600,38
SIM_COVER_USE,29,22,0,0
SIM,29,1,3,1,23,0,0,17,0,4,8,40,1500,300,45
SIM_COVER_USE,29,23,0,0
SIM,29,1,3,1,24,1,0,17,0,4,8,40,300,600,37
SIM_COVER_USE,29,24,0,0
SIM,29,1,3,1,25,0,0,17,0,4,5,40,1300,300,45
SIM_COVER_USE,29,25,0,0
SIM,29,1,3,1,26,1,3,16,1,3,5,40,200,700,36
SIM_COVER_USE,29,26,0,0
SIM,29,1,3,1,27,0,0,19,0,4,2,40,1200,200,45
SIM_COVER_USE,29,27,0,0
SIM,29,1,3,1,28,1,0,19,0,4,2,40,300,500,39
SIM_COVER_USE,29,28,0,0
SIM_END,29,1,3,1,28,1,0
SIM,30,1,3,2,1,0,0,18,0,3,40,40,1000,0,30
SIM_COVER_USE,30,1,0,0
SIM,30,1,3,2,2,1,3,16,1,3,40,40,200,400,21
SIM_COVER_USE,30,2,0,0
SIM,30,1,3,2,3,0,0,19,0,4,39,40,1200,200,45
SIM_COVER_USE,30,3,0,0
SIM,30,1,3,2,4,1,0,19,0,4,39,40,300,500,39
SIM_COVER_USE,30,4,0,0
SIM,30,1,3,2,5,0,0,19,0,4,35,40,1300,500,45
SIM_COVER_USE,30,5,0,0
SIM,30,1,3,2,6,1,3,17,1,4,35,40,200,800,36
SIM_COVER_USE,30,6,0,0
SIM,30,1,3,2,7,0,0,17,0,4,33,40,1200,500,45
SIM_COVER_USE,30,7,0,0
SIM,30,1,3,2,8,1,0,17,0,4,33,40,300,800,39
SIM_COVER_USE,30,8,0,0
SIM,30,1,3,2,9,0,0,17,0,4,30,40,1300,500,45
SIM_COVER_USE,30,9,0,0
SIM,30,1,3,2,10,1,3,15,1,4,30,40,200,800,36
SIM_COVER_USE,30,10,0,0
SIM,30,1,3,2,11,0,0,15,0,4,28,40,1200,500,45
SIM_COVER_USE,30,11,0,0
SIM,30,1,3,2,12,1,0,15,0,4,28,40,300,800,39
SIM_COVER_USE,30,12,0,0
SIM,30,1,3,2,13,0,0,15,0,4,25,40,1300,500,45
SIM_COVER_USE,30,13,0,0
SIM,30,1,3,2,14,1,3,13,1,3,25,40,200,1000,36
SIM_COVER_USE,30,14,0,0
SIM,30,1,3,2,15,0,0,16,0,4,23,40,1200,200,45
SIM_COVER_USE,30,15,0,0
SIM,30,1,3,2,16,1,0,16,0,4,23,40,300,600,39
SIM_COVER_USE,30,16,0,0
SIM,30,1,3,2,17,0,0,16,0,4,19,40,1300,300,45
SIM_COVER_USE,30,17,0,0
SIM,30,1,3,2,18,1,3,14,1,4,19,40,500,700,38
SIM_COVER_USE,30,18,0,0
SIM,30,1,3,2,19,0,0,14,0,4,16,40,1500,400,45
SIM_COVER_USE,30,19,0,0
SIM,30,1,3,2,20,1,0,14,0,4,16,40,1500,800,45
SIM_COVER_USE,30,20,0,0
SIM,30,1,3,2,21,0,0,14,0,4,12,40,2500,500,45
SIM_COVER_USE,30,21,0,0
SIM,30,1,3,2,22,1,3,12,1,4,12,40,500,900,30
SIM_COVER_USE,30,22,0,0
SIM,30,1,3,2,23,0,0,12,0,4,9,40,1500,300,45
SIM_COVER_USE,30,23,0,0
SIM,30,1,3,2,24,1,0,12,0,4,9,40,1500,700,45
SIM_COVER_USE,30,24,0,0
SIM,30,1,3,2,25,0,0,12,0,4,5,40,2500,400,45
SIM_COVER_USE,30,25,0,0
SIM,30,1,3,2,26,1,3,10,1,3,5,40,500,1000,30
SIM_COVER_USE,30,26,0,0
SIM,30,1,3,2,27,0,0,13,0,4,2,40,1500,200,45
SIM_COVER_USE,30,27,0,0
SIM,30,1,3,2,28,1,0,13,0,4,2,40,1500,700,45
SIM_COVER_USE,30,28,0,0
SIM_END,30,1,3,2,28,1,0
SIM_DONE
