SIM_END,1,0,1,0,70,1,0
SIM_END,2,0,1,1,70,1,0
SIM_END,3,0,1,2,70,1,0
SIM_END,4,0,1,3,70,1,0
SIM_END,5,0,1,4,70,1,0
SIM_END,6,0,1,5,66,1,0
SIM_END,7,0,1,6,70,1,0
SIM_END,8,1,1,0,46,1,0
SIM_END,9,1,1,1,46,1,0
SIM_END,10,1,1,2,30,1,0
SIM_END,11,1,1,3,36,1,0
SIM_END,12,1,1,4,36,1,0
SIM_END,13,1,1,5,30,1,0
SIM_END,14,1,1,6,30,1,0
SIM_END,1,0,0,0,50,1,0
SIM_END,2,0,0,1,66,1,0
SIM_END,3,0,0,2,58,1,0
SIM_END,4,0,0,3,39,0,0
SIM_END,1,0,0,0,78,0,0
SIM_END,2,0,0,1,80,1,0
SIM_END,3,0,0,2,80,1,0
SIM_END,4,0,0,3,80,1,0
SIM_END,1,0,1,0,70,1,0
SIM_END,2,0,1,1,70,1,0
SIM_END,3,0,1,2,70,1,0
SIM_END,4,0,1,3,70,1,0
SIM_END,5,0,1,4,70,1,0
SIM_END,6,0,1,5,66,1,0
SIM_END,7,0,1,6,70,1,0
SIM_END,8,1,1,0,46,1,0
SIM_END,9,1,1,1,46,1,0
SIM_END,10,1,1,2,30,1,0
SIM_END,11,1,1,3,36,1,0
SIM_END,12,1,1,4,36,1,0
SIM_END,13,1,1,5,30,1,0
SIM_END,14,1,1,6,30,1,0
SIM_END,1,0,1,0,69,1,0
SIM_END,2,0,1,1,69,1,0
SIM_END,3,0,1,2,69,1,0
SIM_END,4,0,1,3,36,0,0
SIM_END,5,0,1,4,34,0,0
SIM_END,6,0,1,5,30,0,0
SIM_END,7,0,1,6,30,0,0
SIM_END,8,1,1,0,31,1,0
SIM_END,9,1,1,1,31,1,0
SIM_END,10,1,1,2,31,1,0
SIM_END,11,1,1,3,31,1,0
SIM_END,12,1,1,4,31,1,0
SIM_END,13,1,1,5,43,1,0
SIM_END,14,1,1,6,31,1,0
SIM_END,1,0,1,0,31,0,0
SIM_END,2,0,1,1,31,0,0
SIM_END,3,0,1,2,31,0,0
SIM_END,4,0,1,3,31,0,0
SIM_END,5,0,1,4,31,0,0
SIM_END,6,0,1,5,69,0,0
SIM_END,7,0,1,6,31,0,0
SIM_END,8,1,1,0,58,1,0
SIM_END,9,1,1,1,58,1,0
SIM_END,10,1,1,2,58,1,0
SIM_END,11,1,1,3,34,1,0
SIM_END,12,1,1,4,30,1,0
SIM_END,13,1,1,5,30,1,0
SIM_END,14,1,1,6,30,1,0
SIM_END,1,0,1,0,31,0,0
SIM_END,2,0,1,1,31,0,0
SIM_END,3,0,1,2,31,0,0
SIM_END,4,0,1,3,31,0,0
SIM_END,5,0,1,4,31,0,0
SIM_END,6,0,1,5,43,0,0
SIM_END,7,0,1,6,31,0,0
SIM_END,8,1,1,0,69,0,0
SIM_END,9,1,1,1,69,0,0
SIM_END,10,1,1,2,69,0,0
SIM_END,11,1,1,3,36,1,0
SIM_END,12,1,1,4,34,1,0
SIM_END,13,1,1,5,30,1,0
SIM_END,14,1,1,6,30,1,0
SIM_END,1,0,0,0,78,1,0
SIM_END,2,0,0,1,80,1,0
SIM_END,3,0,0,2,80,0,0
SIM_END,4,0,0,3,58,0,0
SIM_END,1,0,1,0,43,0,0
SIM_END,2,0,1,1,43,0,0
SIM_END,3,0,1,2,43,0,0
SIM_END,4,0,1,3,43,0,0
SIM_END,5,0,1,4,43,0,0
SIM_END,6,0,1,5,43,0,0
SIM_END,7,0,1,6,43,0,0
SIM_END,8,1,1,0,67,0,0
SIM_END,9,1,1,1,69,0,0
SIM_END,10,1,1,2,28,1,0
SIM_END,11,1,1,3,65,0,0
SIM_END,12,1,1,4,28,1,0
SIM_END,13,1,1,5,67,0,0
SIM_END,14,1,1,6,30,1,0
