SIM_TERRAIN,cover_tiles=8,of=120,plain=false,max_rounds=40
SIM,1,0,0,0,1,0,0,0,0,0,40,40,1000,0,30
SIM_COVER_USE,1,1,0,0
SIM,1,0,0,0,2,1,3,0,1,0,40,39,200,1000,19
SIM_COVER_USE,1,2,0,0
SIM,1,0,0,0,3,0,1,3,1,1,40,39,1100,200,45
SIM_COVER_USE,1,3,0,0
SIM,1,0,0,0,4,1,1,3,1,1,40,38,500,1100,39
SIM_COVER_USE,1,4,0,0
SIM,1,0,0,0,5,0,0,3,0,1,40,38,1500,500,45
SIM_COVER_USE,1,5,0,0
SIM,1,0,0,0,6,1,3,1,1,1,40,38,100,1400,30
SIM_COVER_USE,1,6,0,0
SIM,1,0,0,0,7,0,0,4,0,2,40,38,1100,300,45
SIM_COVER_USE,1,7,0,0
SIM,1,0,0,0,8,1,0,4,0,2,40,38,500,1100,41
SIM_COVER_USE,1,8,0,0
SIM,1,0,0,0,9,0,0,4,0,2,40,38,1500,500,45
SIM_COVER_USE,1,9,0,0
SIM,1,0,0,0,10,1,3,3,1,1,40,38,100,1400,26
SIM_COVER_USE,1,10,0,0
SIM,1,0,0,0,11,0,0,6,0,2,40,38,1100,300,45
SIM_COVER_USE,1,11,0,0
SIM,1,0,0,0,12,1,0,6,0,2,40,38,500,1100,41
SIM_COVER_USE,1,12,0,0
SIM,1,0,0,0,13,0,0,6,0,2,40,38,1500,500,45
SIM_COVER_USE,1,13,0,0
SIM,1,0,0,0,14,1,3,4,1,2,40,38,100,1300,30
SIM_COVER_USE,1,14,1,0
SIM,1,0,0,0,15,0,2,7,1,3,40,38,1000,200,45
SIM_COVER_USE,1,15,1,1
SIM,1,0,0,0,16,1,2,6,1,2,40,38,400,1000,39
SIM_COVER_USE,1,16,1,1
SIM,1,0,0,0,17,0,2,6,1,2,40,38,1300,400,45
SIM_COVER_USE,1,17,1,1
SIM,1,0,0,0,18,1,5,6,2,2,40,37,200,1200,28
SIM_COVER_USE,1,18,1,1
SIM,1,0,0,0,19,0,1,9,1,3,40,37,1100,100,45
SIM_COVER_USE,1,19,1,0
SIM,1,0,0,0,20,1,1,7,1,3,40,37,500,800,39
SIM_COVER_USE,1,20,1,0
SIM,1,0,0,0,21,0,0,7,0,3,39,37,1500,500,45
SIM_COVER_USE,1,21,0,0
SIM,1,0,0,0,22,1,3,6,1,2,39,37,100,1300,30
SIM_COVER_USE,1,22,1,0
SIM,1,0,0,0,23,0,3,9,1,3,38,37,1000,200,45
SIM_COVER_USE,1,23,1,1
SIM,1,0,0,0,24,1,3,9,1,3,38,36,400,900,35
SIM_COVER_USE,1,24,0,1
SIM,1,0,0,0,25,0,0,9,0,3,37,36,1400,300,45
SIM_COVER_USE,1,25,0,0
SIM,1,0,0,0,26,1,3,7,1,3,37,36,300,1000,34
SIM_COVER_USE,1,26,0,0
SIM,1,0,0,0,27,0,0,10,0,4,35,36,1300,200,45
SIM_COVER_USE,1,27,0,1
SIM,1,0,0,0,28,1,0,10,0,4,35,36,400,800,39
SIM_COVER_USE,1,28,0,1
SIM,1,0,0,0,29,0,0,10,0,4,31,36,1400,500,45
SIM_COVER_USE,1,29,0,0
SIM,1,0,0,0,30,1,3,9,1,3,31,36,300,1200,34
SIM_COVER_USE,1,30,0,0
SIM,1,0,0,0,31,0,1,12,1,4,28,36,1200,100,45
SIM_COVER_USE,1,31,0,0
SIM,1,0,0,0,32,1,1,10,1,4,28,36,300,700,37
SIM_COVER_USE,1,32,0,0
SIM,1,0,0,0,33,0,0,10,0,4,25,36,1300,400,45
SIM_COVER_USE,1,33,0,0
SIM,1,0,0,0,34,1,3,9,1,3,25,36,500,1100,36
SIM_COVER_USE,1,34,0,0
SIM,1,0,0,0,35,0,1,12,1,4,22,36,1400,300,45
SIM_COVER_USE,1,35,0,0
SIM,1,0,0,0,36,1,1,10,1,4,22,36,500,900,37
SIM_COVER_USE,1,36,0,0
SIM,1,0,0,0,37,0,0,10,0,4,19,36,1500,300,45
SIM_COVER_USE,1,37,0,0
SIM,1,0,0,0,38,1,3,9,1,3,19,36,400,1000,34
SIM_COVER_USE,1,38,0,0
SIM,1,0,0,0,39,0,1,12,1,4,16,36,1300,200,45
SIM_COVER_USE,1,39,0,0
SIM,1,0,0,0,40,1,1,10,1,4,16,36,400,800,37
SIM_COVER_USE,1,40,0,0
SIM,1,0,0,0,41,0,0,10,0,4,13,36,1400,500,45
SIM_COVER_USE,1,41,0,0
SIM,1,0,0,0,42,1,3,9,1,3,13,36,300,1200,34
SIM_COVER_USE,1,42,0,0
SIM,1,0,0,0,43,0,1,12,1,4,10,36,1200,100,45
SIM_COVER_USE,1,43,0,0
SIM,1,0,0,0,44,1,1,10,1,4,10,36,300,700,37
SIM_COVER_USE,1,44,0,0
SIM,1,0,0,0,45,0,0,10,0,4,7,36,1300,400,45
SIM_COVER_USE,1,45,0,0
SIM,1,0,0,0,46,1,3,9,1,3,7,36,500,1100,36
SIM_COVER_USE,1,46,0,0
SIM,1,0,0,0,47,0,1,12,1,4,4,36,1400,300,45
SIM_COVER_USE,1,47,0,0
SIM,1,0,0,0,48,1,1,10,1,4,4,36,500,900,37
SIM_COVER_USE,1,48,0,0
SIM,1,0,0,0,49,0,0,10,0,4,1,36,1500,300,45
SIM_COVER_USE,1,49,0,0
SIM,1,0,0,0,50,1,3,9,1,3,1,36,400,1000,34
SIM_COVER_USE,1,50,0,0
SIM_END,1,0,0,0,50,1,0
SIM,2,0,0,1,1,1,6,6,1,1,40,40,0,1000,0
SIM_COVER_USE,2,1,0,0
SIM,2,0,0,1,2,0,1,9,1,2,40,40,800,200,30
SIM_COVER_USE,2,2,0,0
SIM,2,0,0,1,3,1,4,4,2,1,40,40,300,1000,19
SIM_COVER_USE,2,3,1,0
SIM,2,0,0,1,4,0,3,4,1,1,40,40,1200,400,45
SIM_COVER_USE,2,4,1,0
SIM,2,0,0,1,5,1,3,2,1,1,40,40,300,1200,37
SIM_COVER_USE,2,5,1,0
SIM,2,0,0,1,6,0,0,5,0,2,40,40,1300,100,45
SIM_COVER_USE,2,6,0,0
SIM,2,0,0,1,7,1,3,3,1,1,40,40,200,1000,32
SIM_COVER_USE,2,7,1,0
SIM,2,0,0,1,8,0,2,3,1,1,40,40,1100,400,45
SIM_COVER_USE,2,8,1,0
SIM,2,0,0,1,9,1,2,1,1,1,40,40,500,1300,39
SIM_COVER_USE,2,9,1,0
SIM,2,0,0,1,10,0,0,4,0,2,40,40,1500,200,45
SIM_COVER_USE,2,10,0,0
SIM,2,0,0,1,11,1,3,3,1,1,40,40,100,1100,30
SIM_COVER_USE,2,11,1,0
SIM,2,0,0,1,12,0,2,3,1,1,40,40,1000,500,45
SIM_COVER_USE,2,12,1,0
SIM,2,0,0,1,13,1,2,1,1,1,40,40,400,1400,39
SIM_COVER_USE,2,13,1,0
SIM,2,0,0,1,14,0,0,4,0,2,40,40,1400,300,45
SIM_COVER_USE,2,14,0,0
SIM,2,0,0,1,15,1,3,3,1,1,40,40,300,1200,32
SIM_COVER_USE,2,15,0,0
SIM,2,0,0,1,16,0,1,3,1,1,40,40,1200,300,45
SIM_COVER_USE,2,16,0,0
SIM,2,0,0,1,17,1,1,1,1,1,40,40,300,1200,37
SIM_COVER_USE,2,17,0,0
SIM,2,0,0,1,18,0,0,4,0,2,39,40,1300,100,45
SIM_COVER_USE,2,18,0,0
SIM,2,0,0,1,19,1,3,3,1,1,39,40,200,1000,32
SIM_COVER_USE,2,19,0,0
SIM,2,0,0,1,20,0,3,3,1,1,38,40,1100,400,45
SIM_COVER_USE,2,20,0,0
SIM,2,0,0,1,21,1,3,1,1,1,38,40,500,1300,35
SIM_COVER_USE,2,21,0,0
SIM,2,0,0,1,22,0,1,4,1,2,37,40,1400,200,45
SIM_COVER_USE,2,22,0,0
SIM,2,0,0,1,23,1,4,1,2,1,37,40,300,1100,32
SIM_COVER_USE,2,23,0,0
SIM,2,0,0,1,24,0,3,1,1,1,37,40,1200,500,45
SIM_COVER_USE,2,24,0,0
SIM,2,0,0,1,25,1,3,0,1,0,37,40,300,1500,37
SIM_COVER_USE,2,25,0,0
SIM,2,0,0,1,26,0,1,3,1,1,37,40,1200,100,45
SIM_COVER_USE,2,26,0,1
SIM,2,0,0,1,27,1,4,2,2,1,37,39,100,1000,22
SIM_COVER_USE,2,27,0,1
SIM,2,0,0,1,28,0,3,2,1,1,37,39,1000,400,45
SIM_COVER_USE,2,28,0,1
SIM,2,0,0,1,29,1,3,2,1,1,37,38,400,1300,39
SIM_COVER_USE,2,29,0,1
SIM,2,0,0,1,30,0,0,5,0,2,37,38,1400,200,45
SIM_COVER_USE,2,30,0,0
SIM,2,0,0,1,31,1,3,3,1,1,37,38,300,1100,28
SIM_COVER_USE,2,31,1,0
SIM,2,0,0,1,32,0,2,3,1,1,37,38,1200,500,45
SIM_COVER_USE,2,32,1,0
SIM,2,0,0,1,33,1,2,1,1,1,37,38,300,1400,37
SIM_COVER_USE,2,33,1,0
SIM,2,0,0,1,34,0,0,4,0,2,37,38,1300,300,45
SIM_COVER_USE,2,34,0,0
SIM,2,0,0,1,35,1,3,3,1,1,37,38,200,1200,32
SIM_COVER_USE,2,35,0,0
SIM,2,0,0,1,36,0,1,3,1,1,37,38,1100,300,45
SIM_COVER_USE,2,36,0,0
SIM,2,0,0,1,37,1,1,1,1,1,37,38,500,1200,39
SIM_COVER_USE,2,37,0,0
SIM,2,0,0,1,38,0,0,4,0,2,36,38,1500,100,45
SIM_COVER_USE,2,38,0,0
SIM,2,0,0,1,39,1,3,3,1,1,36,38,100,1000,26
SIM_COVER_USE,2,39,1,0
SIM,2,0,0,1,40,0,3,3,1,1,35,38,1000,400,45
SIM_COVER_USE,2,40,1,0
SIM,2,0,0,1,41,1,3,3,1,1,35,37,400,1300,37
SIM_COVER_USE,2,41,0,0
SIM,2,0,0,1,42,0,1,6,1,2,34,37,1300,200,45
SIM_COVER_USE,2,42,0,0
SIM,2,0,0,1,43,1,4,4,2,2,34,36,200,1000,32
SIM_COVER_USE,2,43,0,0
SIM,2,0,0,1,44,0,3,4,1,2,33,36,1100,400,45
SIM_COVER_USE,2,44,0,0
SIM,2,0,0,1,45,1,3,3,1,1,33,36,500,1300,39
SIM_COVER_USE,2,45,0,0
SIM,2,0,0,1,46,0,0,6,0,2,33,36,1500,200,45
SIM_COVER_USE,2,46,0,1
SIM,2,0,0,1,47,1,3,5,1,2,33,36,100,1000,34
SIM_COVER_USE,2,47,0,1
SIM,2,0,0,1,48,0,0,5,0,2,33,36,1100,400,45
SIM_COVER_USE,2,48,0,1
SIM,2,0,0,1,49,1,0,5,0,2,33,36,500,1200,41
SIM_COVER_USE,2,49,0,1
SIM,2,0,0,1,50,0,0,8,0,3,30,36,1500,100,45
SIM_COVER_USE,2,50,0,0
SIM,2,0,0,1,51,1,3,6,1,2,30,36,100,900,32
SIM_COVER_USE,2,51,0,0
SIM,2,0,0,1,52,0,3,6,1,2,28,36,1000,300,45
SIM_COVER_USE,2,52,0,0
SIM,2,0,0,1,53,1,3,4,1,2,28,36,400,1100,39
SIM_COVER_USE,2,53,0,0
SIM,2,0,0,1,54,0,1,7,1,3,26,36,1300,300,45
SIM_COVER_USE,2,54,0,0
SIM,2,0,0,1,55,1,4,4,2,2,26,36,200,1100,32
SIM_COVER_USE,2,55,0,0
SIM,2,0,0,1,56,0,3,4,1,2,25,36,1100,500,45
SIM_COVER_USE,2,56,0,0
SIM,2,0,0,1,57,1,3,3,1,1,25,36,500,1400,39
SIM_COVER_USE,2,57,0,0
SIM,2,0,0,1,58,0,1,6,1,2,24,36,1400,300,45
SIM_COVER_USE,2,58,0,1
SIM,2,0,0,1,59,1,4,3,2,2,24,36,300,1100,30
SIM_COVER_USE,2,59,0,1
SIM,2,0,0,1,60,0,3,3,1,2,23,36,1200,500,45
SIM_COVER_USE,2,60,0,1
SIM,2,0,0,1,61,1,3,2,1,1,23,36,300,1400,37
SIM_COVER_USE,2,61,0,1
SIM,2,0,0,1,62,0,0,5,0,2,23,36,1300,300,45
SIM_COVER_USE,2,62,0,0
SIM,2,0,0,1,63,1,3,3,1,1,23,36,200,1200,32
SIM_COVER_USE,2,63,0,0
SIM,2,0,0,1,64,0,3,3,1,1,22,36,1100,300,45
SIM_COVER_USE,2,64,0,0
SIM,2,0,0,1,65,1,3,1,1,1,22,36,500,1200,39
SIM_COVER_USE,2,65,0,0
SIM,2,0,0,1,66,0,1,4,1,2,21,36,1400,100,45
SIM_COVER_USE,2,66,0,0
SIM,2,0,0,1,67,1,4,1,2,1,21,36,300,1000,30
SIM_COVER_USE,2,67,0,0
SIM,2,0,0,1,68,0,3,1,1,1,21,36,1200,400,45
SIM_COVER_USE,2,68,0,0
SIM,2,0,0,1,69,1,3,0,1,0,21,36,300,1400,37
SIM_COVER_USE,2,69,0,0
SIM,2,0,0,1,70,0,1,3,1,1,21,36,1200,300,45
SIM_COVER_USE,2,70,0,0
SIM,2,0,0,1,71,1,4,0,2,0,21,36,100,1300,30
SIM_COVER_USE,2,71,1,0
SIM,2,0,0,1,72,0,4,0,2,0,21,36,900,400,45
SIM_COVER_USE,2,72,1,0
SIM,2,0,0,1,73,1,4,0,2,0,21,35,300,1400,32
SIM_COVER_USE,2,73,0,0
SIM,2,0,0,1,74,0,3,3,1,1,21,35,1200,300,45
SIM_COVER_USE,2,74,0,0
SIM,2,0,0,1,75,1,6,1,2,1,21,34,100,1200,29
SIM_COVER_USE,2,75,0,0
SIM,2,0,0,1,76,0,4,1,2,1,21,34,900,300,45
SIM_COVER_USE,2,76,0,0
SIM,2,0,0,1,77,1,4,0,2,0,21,33,300,1300,35
SIM_COVER_USE,2,77,0,0
SIM,2,0,0,1,78,0,3,3,1,1,21,33,1200,200,45
SIM_COVER_USE,2,78,0,0
SIM,2,0,0,1,79,1,6,3,2,1,21,31,100,1100,26
SIM_COVER_USE,2,79,0,0
SIM,2,0,0,1,80,0,4,3,2,1,21,31,900,500,45
SIM_COVER_USE,2,80,0,0
SIM_END,2,0,0,1,80,1,0
SIM,3,0,0,2,1,0,6,6,1,1,40,40,1000,0,30
SIM_COVER_USE,3,1,0,0
SIM,3,0,0,2,2,1,9,1,2,1,40,40,200,800,15
SIM_COVER_USE,3,2,0,0
SIM,3,0,0,2,3,0,4,4,1,2,40,40,1000,300,45
SIM_COVER_USE,3,3,0,0
SIM,3,0,0,2,4,1,4,1,1,1,40,40,400,1100,39
SIM_COVER_USE,3,4,0,0
SIM,3,0,0,2,5,0,1,1,1,1,40,40,1200,500,45
SIM_COVER_USE,3,5,0,0
SIM,3,0,0,2,6,1,4,0,2,0,40,39,100,1500,30
SIM_COVER_USE,3,6,0,0
SIM,3,0,0,2,7,0,3,3,1,1,40,39,1000,100,45
SIM_COVER_USE,3,7,0,0
SIM,3,0,0,2,8,1,3,3,1,1,40,38,400,1000,39
SIM_COVER_USE,3,8,0,0
SIM,3,0,0,2,9,0,1,3,1,1,40,38,1300,400,45
SIM_COVER_USE,3,9,0,0
SIM,3,0,0,2,10,1,4,1,2,1,40,37,200,1300,30
SIM_COVER_USE,3,10,0,0
SIM,3,0,0,2,11,0,1,4,1,2,40,37,1100,200,45
SIM_COVER_USE,3,11,0,0
SIM,3,0,0,2,12,1,1,3,1,1,40,37,500,1100,39
SIM_COVER_USE,3,12,0,0
SIM,3,0,0,2,13,0,0,3,0,1,40,37,1500,500,45
SIM_COVER_USE,3,13,0,0
SIM,3,0,0,2,14,1,3,1,1,1,40,37,100,1400,30
SIM_COVER_USE,3,14,0,0
SIM,3,0,0,2,15,0,0,4,0,2,40,37,1100,300,45
SIM_COVER_USE,3,15,0,0
SIM,3,0,0,2,16,1,0,4,0,2,40,37,500,1100,41
SIM_COVER_USE,3,16,0,0
SIM,3,0,0,2,17,0,0,4,0,2,40,37,1500,500,45
SIM_COVER_USE,3,17,0,0
SIM,3,0,0,2,18,1,3,3,1,1,40,37,100,1400,26
SIM_COVER_USE,3,18,0,0
SIM,3,0,0,2,19,0,0,6,0,2,40,37,1100,300,45
SIM_COVER_USE,3,19,0,0
SIM,3,0,0,2,20,1,0,6,0,2,40,37,500,1100,41
SIM_COVER_USE,3,20,0,0
SIM,3,0,0,2,21,0,0,6,0,2,40,37,1500,500,45
SIM_COVER_USE,3,21,0,0
SIM,3,0,0,2,22,1,3,4,1,2,40,37,100,1300,30
SIM_COVER_USE,3,22,1,0
SIM,3,0,0,2,23,0,2,7,1,3,40,37,1000,200,45
SIM_COVER_USE,3,23,1,1
SIM,3,0,0,2,24,1,2,6,1,2,40,37,400,1000,39
SIM_COVER_USE,3,24,1,1
SIM,3,0,0,2,25,0,2,6,1,2,40,37,1300,400,45
SIM_COVER_USE,3,25,1,1
SIM,3,0,0,2,26,1,5,6,2,2,40,36,200,1200,28
SIM_COVER_USE,3,26,1,1
SIM,3,0,0,2,27,0,1,9,1,3,40,36,1100,100,45
SIM_COVER_USE,3,27,1,0
SIM,3,0,0,2,28,1,1,7,1,3,40,36,500,800,39
SIM_COVER_USE,3,28,1,0
SIM,3,0,0,2,29,0,0,7,0,3,39,36,1500,500,45
SIM_COVER_USE,3,29,0,0
SIM,3,0,0,2,30,1,3,6,1,2,39,36,100,1300,30
SIM_COVER_USE,3,30,1,0
SIM,3,0,0,2,31,0,3,9,1,3,38,36,1000,200,45
SIM_COVER_USE,3,31,1,1
SIM,3,0,0,2,32,1,3,9,1,3,38,35,400,900,35
SIM_COVER_USE,3,32,0,1
SIM,3,0,0,2,33,0,0,9,0,3,37,35,1400,300,45
SIM_COVER_USE,3,33,0,0
SIM,3,0,0,2,34,1,3,7,1,3,37,35,300,1000,34
SIM_COVER_USE,3,34,0,0
SIM,3,0,0,2,35,0,0,10,0,4,35,35,1300,200,45
SIM_COVER_USE,3,35,0,1
SIM,3,0,0,2,36,1,0,10,0,4,35,35,400,800,39
SIM_COVER_USE,3,36,0,1
SIM,3,0,0,2,37,0,0,10,0,4,31,35,1400,500,45
SIM_COVER_USE,3,37,0,0
SIM,3,0,0,2,38,1,3,9,1,3,31,35,300,1200,34
SIM_COVER_USE,3,38,0,0
SIM,3,0,0,2,39,0,1,12,1,4,28,35,1200,100,45
SIM_COVER_USE,3,39,0,0
SIM,3,0,0,2,40,1,1,10,1,4,28,35,300,700,37
SIM_COVER_USE,3,40,0,0
SIM,3,0,0,2,41,0,0,10,0,4,25,35,1300,400,45
SIM_COVER_USE,3,41,0,0
SIM,3,0,0,2,42,1,3,9,1,3,25,35,500,1100,36
SIM_COVER_USE,3,42,0,0
SIM,3,0,0,2,43,0,1,12,1,4,22,35,1400,300,45
SIM_COVER_USE,3,43,0,0
SIM,3,0,0,2,44,1,1,10,1,4,22,35,500,900,37
SIM_COVER_USE,3,44,0,0
SIM,3,0,0,2,45,0,0,10,0,4,19,35,1500,300,45
SIM_COVER_USE,3,45,0,0
SIM,3,0,0,2,46,1,3,9,1,3,19,35,400,1000,34
SIM_COVER_USE,3,46,0,0
SIM,3,0,0,2,47,0,1,12,1,4,16,35,1300,200,45
SIM_COVER_USE,3,47,0,0
SIM,3,0,0,2,48,1,1,10,1,4,16,35,400,800,37
SIM_COVER_USE,3,48,0,0
SIM,3,0,0,2,49,0,0,10,0,4,13,35,1400,500,45
SIM_COVER_USE,3,49,0,0
SIM,3,0,0,2,50,1,3,9,1,3,13,35,300,1200,34
SIM_COVER_USE,3,50,0,0
SIM,3,0,0,2,51,0,1,12,1,4,10,35,1200,100,45
SIM_COVER_USE,3,51,0,0
SIM,3,0,0,2,52,1,1,10,1,4,10,35,300,700,37
SIM_COVER_USE,3,52,0,0
SIM,3,0,0,2,53,0,0,10,0,4,7,35,1300,400,45
SIM_COVER_USE,3,53,0,0
SIM,3,0,0,2,54,1,3,9,1,3,7,35,500,1100,36
SIM_COVER_USE,3,54,0,0
SIM,3,0,0,2,55,0,1,12,1,4,4,35,1400,300,45
SIM_COVER_USE,3,55,0,0
SIM,3,0,0,2,56,1,1,10,1,4,4,35,500,900,37
SIM_COVER_USE,3,56,0,0
SIM,3,0,0,2,57,0,0,10,0,4,1,35,1500,300,45
SIM_COVER_USE,3,57,0,0
SIM,3,0,0,2,58,1,3,9,1,3,1,35,400,1000,34
SIM_COVER_USE,3,58,0,0
SIM_END,3,0,0,2,58,1,0
SIM,4,0,0,3,1,1,6,6,1,1,40,40,0,1000,0
SIM_COVER_USE,4,1,0,0
SIM,4,0,0,3,2,0,3,9,1,2,40,40,800,200,30
SIM_COVER_USE,4,2,0,0
SIM,4,0,0,3,3,1,6,4,2,1,40,40,300,1000,13
SIM_COVER_USE,4,3,0,0
SIM,4,0,0,3,4,0,3,4,1,1,40,40,1100,400,43
SIM_COVER_USE,4,4,0,0
SIM,4,0,0,3,5,1,3,1,1,1,40,40,500,1200,35
SIM_COVER_USE,4,5,0,0
SIM,4,0,0,3,6,0,0,4,0,2,39,40,1500,100,45
SIM_COVER_USE,4,6,0,0
SIM,4,0,0,3,7,1,3,3,1,1,39,40,100,1000,28
SIM_COVER_USE,4,7,0,0
SIM,4,0,0,3,8,0,3,3,1,1,38,40,1000,400,45
SIM_COVER_USE,4,8,0,0
SIM,4,0,0,3,9,1,3,3,1,1,38,39,400,1300,36
SIM_COVER_USE,4,9,0,0
SIM,4,0,0,3,10,0,1,6,1,2,37,39,1300,200,45
SIM_COVER_USE,4,10,0,0
SIM,4,0,0,3,11,1,4,4,2,2,37,38,200,1000,32
SIM_COVER_USE,4,11,0,0
SIM,4,0,0,3,12,0,3,4,1,2,36,38,1100,400,45
SIM_COVER_USE,4,12,0,0
SIM,4,0,0,3,13,1,3,3,1,1,36,38,500,1300,39
SIM_COVER_USE,4,13,0,0
SIM,4,0,0,3,14,0,0,6,0,2,36,38,1500,200,45
SIM_COVER_USE,4,14,0,1
SIM,4,0,0,3,15,1,3,5,1,2,36,38,100,1000,34
SIM_COVER_USE,4,15,0,1
SIM,4,0,0,3,16,0,0,5,0,2,36,38,1100,400,45
SIM_COVER_USE,4,16,0,1
SIM,4,0,0,3,17,1,0,5,0,2,36,38,500,1200,41
SIM_COVER_USE,4,17,0,1
SIM,4,0,0,3,18,0,0,8,0,3,33,38,1500,100,45
SIM_COVER_USE,4,18,0,0
SIM,4,0,0,3,19,1,3,6,1,2,33,38,100,900,32
SIM_COVER_USE,4,19,0,0
SIM,4,0,0,3,20,0,3,6,1,2,31,38,1000,300,45
SIM_COVER_USE,4,20,0,0
SIM,4,0,0,3,21,1,3,4,1,2,31,38,400,1100,39
SIM_COVER_USE,4,21,0,0
SIM,4,0,0,3,22,0,1,7,1,3,29,38,1300,300,45
SIM_COVER_USE,4,22,0,0
SIM,4,0,0,3,23,1,4,4,2,2,29,38,200,1100,32
SIM_COVER_USE,4,23,0,0
SIM,4,0,0,3,24,0,3,4,1,2,28,38,1100,500,45
SIM_COVER_USE,4,24,0,0
SIM,4,0,0,3,25,1,3,3,1,1,28,38,500,1400,39
SIM_COVER_USE,4,25,0,0
SIM,4,0,0,3,26,0,1,6,1,2,27,38,1400,300,45
SIM_COVER_USE,4,26,0,1
SIM,4,0,0,3,27,1,4,3,2,2,27,38,300,1100,30
SIM_COVER_USE,4,27,0,1
SIM,4,0,0,3,28,0,3,3,1,2,26,38,1200,500,45
SIM_COVER_USE,4,28,0,1
SIM,4,0,0,3,29,1,3,2,1,1,26,38,300,1400,37
SIM_COVER_USE,4,29,0,1
SIM,4,0,0,3,30,0,0,5,0,2,26,38,1300,300,45
SIM_COVER_USE,4,30,0,0
SIM,4,0,0,3,31,1,3,3,1,1,26,38,200,1200,32
SIM_COVER_USE,4,31,0,0
SIM,4,0,0,3,32,0,3,3,1,1,25,38,1100,300,45
SIM_COVER_USE,4,32,0,0
SIM,4,0,0,3,33,1,3,1,1,1,25,38,500,1200,39
SIM_COVER_USE,4,33,0,0
SIM,4,0,0,3,34,0,1,4,1,2,24,38,1400,100,45
SIM_COVER_USE,4,34,0,0
SIM,4,0,0,3,35,1,4,1,2,1,24,38,300,1000,30
SIM_COVER_USE,4,35,0,0
SIM,4,0,0,3,36,0,3,1,1,1,24,38,1200,400,45
SIM_COVER_USE,4,36,0,0
SIM,4,0,0,3,37,1,3,0,1,0,24,38,300,1400,37
SIM_COVER_USE,4,37,0,0
SIM,4,0,0,3,38,0,1,3,1,1,24,38,1200,300,45
SIM_COVER_USE,4,38,0,0
SIM,4,0,0,3,39,1,4,0,2,0,24,38,100,1300,30
SIM_COVER_USE,4,39,1,0
SIM,4,0,0,3,40,0,4,0,2,0,24,38,900,400,45
SIM_COVER_USE,4,40,1,0
SIM,4,0,0,3,41,1,4,0,2,0,24,37,300,1400,32
SIM_COVER_USE,4,41,0,0
SIM,4,0,0,3,42,0,3,3,1,1,24,37,1200,300,45
SIM_COVER_USE,4,42,0,0
SIM,4,0,0,3,43,1,6,1,2,1,24,36,100,1200,29
SIM_COVER_USE,4,43,0,0
SIM,4,0,0,3,44,0,4,1,2,1,24,36,900,300,45
SIM_COVER_USE,4,44,0,0
SIM,4,0,0,3,45,1,4,0,2,0,24,35,300,1300,35
SIM_COVER_USE,4,45,0,0
SIM,4,0,0,3,46,0,3,3,1,1,24,35,1200,200,45
SIM_COVER_USE,4,46,0,0
SIM,4,0,0,3,47,1,6,3,2,1,24,33,100,1100,26
SIM_COVER_USE,4,47,0,0
SIM,4,0,0,3,48,0,4,3,2,1,24,33,900,500,45
SIM_COVER_USE,4,48,0,0
SIM,4,0,0,3,49,1,4,3,2,1,24,31,300,1400,37
SIM_COVER_USE,4,49,0,0
SIM,4,0,0,3,50,0,1,6,1,2,24,31,1200,300,45
SIM_COVER_USE,4,50,0,0
SIM,4,0,0,3,51,1,4,4,2,2,24,30,100,1100,30
SIM_COVER_USE,4,51,0,0
SIM,4,0,0,3,52,0,1,4,1,2,24,30,1000,500,45
SIM_COVER_USE,4,52,0,0
SIM,4,0,0,3,53,1,1,3,1,1,24,30,400,1400,39
SIM_COVER_USE,4,53,0,0
SIM,4,0,0,3,54,0,0,6,0,2,23,30,1400,300,45
SIM_COVER_USE,4,54,0,0
SIM,4,0,0,3,55,1,3,4,1,2,23,30,300,1100,34
SIM_COVER_USE,4,55,0,0
SIM,4,0,0,3,56,0,1,4,1,2,22,30,1200,500,45
SIM_COVER_USE,4,56,0,0
SIM,4,0,0,3,57,1,1,3,1,1,22,30,300,1400,37
SIM_COVER_USE,4,57,0,0
SIM,4,0,0,3,58,0,0,6,0,2,21,30,1300,300,45
SIM_COVER_USE,4,58,0,0
SIM,4,0,0,3,59,1,3,4,1,2,21,30,200,1100,34
SIM_COVER_USE,4,59,0,0
SIM,4,0,0,3,60,0,1,4,1,2,20,30,1100,500,45
SIM_COVER_USE,4,60,0,0
SIM,4,0,0,3,61,1,1,3,1,1,20,30,500,1400,39
SIM_COVER_USE,4,61,0,0
SIM,4,0,0,3,62,0,0,6,0,2,19,30,1500,300,45
SIM_COVER_USE,4,62,0,1
SIM,4,0,0,3,63,1,3,5,1,2,19,30,100,1100,34
SIM_COVER_USE,4,63,0,1
SIM,4,0,0,3,64,0,1,5,1,2,18,30,1000,500,45
SIM_COVER_USE,4,64,0,1
SIM,4,0,0,3,65,1,1,4,1,2,18,30,400,1300,39
SIM_COVER_USE,4,65,0,1
SIM,4,0,0,3,66,0,0,7,0,3,17,30,1400,200,45
SIM_COVER_USE,4,66,0,1
SIM,4,0,0,3,67,1,3,6,1,2,17,30,300,1000,36
SIM_COVER_USE,4,67,0,0
SIM,4,0,0,3,68,0,3,6,1,2,15,30,1200,400,45
SIM_COVER_USE,4,68,0,0
SIM,4,0,0,3,69,1,3,4,1,2,15,30,300,1200,37
SIM_COVER_USE,4,69,0,0
SIM,4,0,0,3,70,0,3,7,1,3,12,30,1200,100,45
SIM_COVER_USE,4,70,0,0
SIM,4,0,0,3,71,1,6,4,2,2,12,30,100,900,32
SIM_COVER_USE,4,71,0,0
SIM,4,0,0,3,72,0,6,4,2,2,10,30,900,300,45
SIM_COVER_USE,4,72,0,0
SIM,4,0,0,3,73,1,6,1,2,1,10,30,300,1200,33
SIM_COVER_USE,4,73,0,0
SIM,4,0,0,3,74,0,4,4,2,2,9,30,1100,100,45
SIM_COVER_USE,4,74,0,0
SIM,4,0,0,3,75,1,7,0,3,0,9,30,300,1100,32
SIM_COVER_USE,4,75,0,0
SIM,4,0,0,3,76,0,7,0,3,0,9,30,1000,500,45
SIM_COVER_USE,4,76,0,0
SIM,4,0,0,3,77,1,7,0,3,0,9,30,400,1500,41
SIM_COVER_USE,4,77,0,0
SIM,4,0,0,3,78,0,6,3,2,1,9,30,1200,100,45
SIM_COVER_USE,4,78,0,0
SIM,4,0,0,3,79,1,9,0,3,0,9,29,100,1100,26
SIM_COVER_USE,4,79,0,0
SIM,4,0,0,3,80,0,9,0,3,0,9,29,800,500,45
SIM_COVER_USE,4,80,0,0
SIM_END,4,0,0,3,80,1,0
SIM,5,0,1,0,1,0,6,0,1,0,40,40,1000,0,30
SIM_COVER_USE,5,1,0,0
SIM,5,0,1,0,2,1,9,0,2,0,40,39,200,1000,19
SIM_COVER_USE,5,2,0,0
SIM,5,0,1,0,3,0,7,3,2,1,40,39,900,200,45
SIM_COVER_USE,5,3,0,0
SIM,5,0,1,0,4,1,7,0,2,0,40,38,300,1200,31
SIM_COVER_USE,5,4,0,0
SIM,5,0,1,0,5,0,7,0,2,0,40,38,1000,300,45
SIM_COVER_USE,5,5,0,0
SIM,5,0,1,0,6,1,10,0,3,0,40,36,200,1300,27
SIM_COVER_USE,5,6,0,0
SIM,5,0,1,0,7,0,9,3,2,1,40,36,900,200,45
SIM_COVER_USE,5,7,0,0
SIM,5,0,1,0,8,1,9,0,2,0,40,35,300,1200,36
SIM_COVER_USE,5,8,0,0
SIM,5,0,1,0,9,0,9,0,2,0,40,35,1000,300,45
SIM_COVER_USE,5,9,0,0
SIM,5,0,1,0,10,1,12,0,3,0,40,33,200,1300,33
SIM_COVER_USE,5,10,0,0
SIM,5,0,1,0,11,0,10,3,3,1,40,33,800,200,45
SIM_COVER_USE,5,11,0,0
SIM,5,0,1,0,12,1,10,0,3,0,40,31,500,1200,34
SIM_COVER_USE,5,12,0,0
SIM,5,0,1,0,13,0,10,0,3,0,40,31,1100,300,45
SIM_COVER_USE,5,13,0,0
SIM,5,0,1,0,14,1,13,0,4,0,40,28,300,1300,31
SIM_COVER_USE,5,14,0,0
SIM,5,0,1,0,15,0,11,3,4,1,40,28,800,200,45
SIM_COVER_USE,5,15,0,0
SIM,5,0,1,0,16,1,11,0,4,0,40,25,500,1200,29
SIM_COVER_USE,5,16,0,0
SIM,5,0,1,0,17,0,11,0,4,0,40,25,1000,1200,45
SIM_COVER_USE,5,17,0,0
SIM,5,0,1,0,18,1,11,0,4,0,40,21,400,2200,33
SIM_COVER_USE,5,18,0,0
SIM,5,0,1,0,19,0,9,3,3,1,40,21,1100,500,45
SIM_COVER_USE,5,19,0,0
SIM,5,0,1,0,20,1,12,3,4,1,40,17,300,1400,24
SIM_COVER_USE,5,20,0,0
SIM,5,0,1,0,21,0,10,3,4,1,40,17,900,500,45
SIM_COVER_USE,5,21,0,0
SIM,5,0,1,0,22,1,10,3,4,1,40,13,300,1400,33
SIM_COVER_USE,5,22,0,0
SIM,5,0,1,0,23,0,7,6,3,2,40,13,1000,300,45
SIM_COVER_USE,5,23,0,0
SIM,5,0,1,0,24,1,10,4,4,2,40,10,200,1100,28
SIM_COVER_USE,5,24,0,0
SIM,5,0,1,0,25,0,7,4,3,2,40,10,900,500,45
SIM_COVER_USE,5,25,0,0
SIM,5,0,1,0,26,1,7,3,3,1,40,8,300,1400,35
SIM_COVER_USE,5,26,0,0
SIM,5,0,1,0,27,0,4,6,2,2,40,8,1100,300,45
SIM_COVER_USE,5,27,0,0
SIM,5,0,1,0,28,1,7,4,3,2,40,6,300,1100,30
SIM_COVER_USE,5,28,1,0
SIM,5,0,1,0,29,0,5,4,2,2,40,6,1100,500,45
SIM_COVER_USE,5,29,1,0
SIM,5,0,1,0,30,1,5,3,2,1,40,5,500,1400,37
SIM_COVER_USE,5,30,1,0
SIM,5,0,1,0,31,0,2,6,1,2,40,5,1400,300,45
SIM_COVER_USE,5,31,1,0
SIM,5,0,1,0,32,1,5,6,2,2,40,3,300,1100,26
SIM_COVER_USE,5,32,0,0
SIM,5,0,1,0,33,0,1,6,1,2,40,3,1200,500,45
SIM_COVER_USE,5,33,0,0
SIM,5,0,1,0,34,1,1,6,1,2,40,2,300,1300,37
SIM_COVER_USE,5,34,0,0
SIM,5,0,1,0,35,0,0,9,0,3,39,2,1300,200,45
SIM_COVER_USE,5,35,0,0
SIM,5,0,1,0,36,1,3,7,1,3,39,2,200,900,34
SIM_COVER_USE,5,36,0,0
SIM,5,0,1,0,37,0,3,7,1,3,38,2,1100,300,45
SIM_COVER_USE,5,37,0,0
SIM,5,0,1,0,38,1,3,6,1,2,38,2,500,1100,39
SIM_COVER_USE,5,38,0,0
SIM,5,0,1,0,39,0,0,9,0,3,38,2,1500,300,45
SIM_COVER_USE,5,39,0,0
SIM,5,0,1,0,40,1,3,7,1,3,38,2,100,1000,32
SIM_COVER_USE,5,40,0,0
SIM,5,0,1,0,41,0,0,7,0,3,37,2,1100,400,45
SIM_COVER_USE,5,41,0,1
SIM,5,0,1,0,42,1,0,7,0,3,37,2,500,1100,41
SIM_COVER_USE,5,42,0,1
SIM,5,0,1,0,43,0,0,10,0,4,34,2,1500,300,45
SIM_COVER_USE,5,43,0,0
SIM,5,0,1,0,44,1,3,9,1,3,34,2,100,1000,34
SIM_COVER_USE,5,44,0,0
SIM,5,0,1,0,45,0,3,9,1,3,31,2,1000,400,45
SIM_COVER_USE,5,45,0,0
SIM,5,0,1,0,46,1,3,7,1,3,31,2,400,1100,39
SIM_COVER_USE,5,46,0,0
SIM,5,0,1,0,47,0,1,10,1,4,28,2,1300,300,45
SIM_COVER_USE,5,47,0,1
SIM,5,0,1,0,48,1,4,7,2,3,28,2,200,1000,30
SIM_COVER_USE,5,48,0,1
SIM,5,0,1,0,49,0,3,7,1,3,26,2,1100,400,45
SIM_COVER_USE,5,49,0,1
SIM,5,0,1,0,50,1,3,6,1,2,26,2,500,1200,39
SIM_COVER_USE,5,50,0,1
SIM,5,0,1,0,51,0,0,9,0,3,25,2,1500,100,45
SIM_COVER_USE,5,51,0,1
SIM,5,0,1,0,52,1,3,8,1,3,25,2,100,800,34
SIM_COVER_USE,5,52,0,1
SIM,5,0,1,0,53,0,0,8,0,3,24,2,1100,500,45
SIM_COVER_USE,5,53,0,1
SIM,5,0,1,0,54,1,0,8,0,3,24,2,500,1200,41
SIM_COVER_USE,5,54,0,1
SIM,5,0,1,0,55,0,0,11,0,4,21,2,1500,100,45
SIM_COVER_USE,5,55,0,0
SIM,5,0,1,0,56,1,3,9,1,3,21,2,100,800,32
SIM_COVER_USE,5,56,0,0
SIM,5,0,1,0,57,0,3,9,1,3,18,2,1000,500,45
SIM_COVER_USE,5,57,0,0
SIM,5,0,1,0,58,1,3,7,1,3,18,2,400,1200,39
SIM_COVER_USE,5,58,0,0
SIM,5,0,1,0,59,0,1,10,1,4,15,2,1300,100,45
SIM_COVER_USE,5,59,0,0
SIM,5,0,1,0,60,1,4,7,2,3,15,2,200,800,34
SIM_COVER_USE,5,60,0,0
SIM,5,0,1,0,61,0,1,7,1,3,14,2,1100,500,45
SIM_COVER_USE,5,61,0,1
SIM,5,0,1,0,62,1,1,6,1,2,14,2,500,1300,39
SIM_COVER_USE,5,62,0,1
SIM,5,0,1,0,63,0,0,9,0,3,12,2,1500,200,45
SIM_COVER_USE,5,63,0,1
SIM,5,0,1,0,64,1,3,8,1,3,12,2,100,900,34
SIM_COVER_USE,5,64,0,1
SIM,5,0,1,0,65,0,1,8,1,3,10,2,1000,300,45
SIM_COVER_USE,5,65,0,1
SIM,5,0,1,0,66,1,1,7,1,3,10,2,400,1000,39
SIM_COVER_USE,5,66,0,1
SIM,5,0,1,0,67,0,0,10,0,4,7,2,1400,200,45
SIM_COVER_USE,5,67,0,1
SIM,5,0,1,0,68,1,3,9,1,3,7,2,300,900,36
SIM_COVER_USE,5,68,0,0
SIM,5,0,1,0,69,0,3,9,1,3,4,2,1200,300,45
SIM_COVER_USE,5,69,0,0
SIM,5,0,1,0,70,1,3,7,1,3,4,2,300,1000,37
SIM_COVER_USE,5,70,0,0
SIM_END,5,0,1,0,70,1,0
SIM,6,0,1,1,1,0,6,0,1,0,40,40,1000,0,30
SIM_COVER_USE,6,1,0,0
SIM,6,0,1,1,2,1,9,0,2,0,40,39,200,1000,9
SIM_COVER_USE,6,2,0,0
SIM,6,0,1,1,3,0,7,3,2,1,40,39,900,200,39
SIM_COVER_USE,6,3,0,0
SIM,6,0,1,1,4,1,7,0,2,0,40,38,300,1200,29
SIM_COVER_USE,6,4,0,0
SIM,6,0,1,1,5,0,7,0,2,0,40,38,1000,300,45
SIM_COVER_USE,6,5,0,0
SIM,6,0,1,1,6,1,10,0,3,0,40,36,200,1300,29
SIM_COVER_USE,6,6,0,0
SIM,6,0,1,1,7,0,9,3,2,1,40,36,900,200,45
SIM_COVER_USE,6,7,0,0
SIM,6,0,1,1,8,1,9,0,2,0,40,35,300,1200,36
SIM_COVER_USE,6,8,0,0
SIM,6,0,1,1,9,0,9,0,2,0,40,35,1000,300,45
SIM_COVER_USE,6,9,0,0
SIM,6,0,1,1,10,1,12,0,3,0,40,33,200,1300,33
SIM_COVER_USE,6,10,0,0
SIM,6,0,1,1,11,0,10,3,3,1,40,33,800,200,45
SIM_COVER_USE,6,11,0,0
SIM,6,0,1,1,12,1,10,0,3,0,40,31,500,1200,34
SIM_COVER_USE,6,12,0,0
SIM,6,0,1,1,13,0,10,0,3,0,40,31,1100,300,45
SIM_COVER_USE,6,13,0,0
SIM,6,0,1,1,14,1,13,0,4,0,40,28,300,1300,31
SIM_COVER_USE,6,14,0,0
SIM,6,0,1,1,15,0,11,3,4,1,40,28,800,200,45
SIM_COVER_USE,6,15,0,0
SIM,6,0,1,1,16,1,11,0,4,0,40,25,500,1200,29
SIM_COVER_USE,6,16,0,0
SIM,6,0,1,1,17,0,11,0,4,0,40,25,1000,1200,45
SIM_COVER_USE,6,17,0,0
SIM,6,0,1,1,18,1,11,0,4,0,40,21,400,2200,33
SIM_COVER_USE,6,18,0,0
SIM,6,0,1,1,19,0,9,3,3,1,40,21,1100,500,45
SIM_COVER_USE,6,19,0,0
SIM,6,0,1,1,20,1,12,3,4,1,40,17,300,1400,24
SIM_COVER_USE,6,20,0,0
SIM,6,0,1,1,21,0,10,3,4,1,40,17,900,500,45
SIM_COVER_USE,6,21,0,0
SIM,6,0,1,1,22,1,10,3,4,1,40,13,300,1400,33
SIM_COVER_USE,6,22,0,0
SIM,6,0,1,1,23,0,7,6,3,2,40,13,1000,300,45
SIM_COVER_USE,6,23,0,0
SIM,6,0,1,1,24,1,10,4,4,2,40,10,200,1100,28
SIM_COVER_USE,6,24,0,0
SIM,6,0,1,1,25,0,7,4,3,2,40,10,900,500,45
SIM_COVER_USE,6,25,0,0
SIM,6,0,1,1,26,1,7,3,3,1,40,8,300,1400,35
SIM_COVER_USE,6,26,0,0
SIM,6,0,1,1,27,0,4,6,2,2,40,8,1100,300,45
SIM_COVER_USE,6,27,0,0
SIM,6,0,1,1,28,1,7,4,3,2,40,6,300,1100,30
SIM_COVER_USE,6,28,1,0
SIM,6,0,1,1,29,0,5,4,2,2,40,6,1100,500,45
SIM_COVER_USE,6,29,1,0
SIM,6,0,1,1,30,1,5,3,2,1,40,5,500,1400,37
SIM_COVER_USE,6,30,1,0
SIM,6,0,1,1,31,0,2,6,1,2,40,5,1400,300,45
SIM_COVER_USE,6,31,1,0
SIM,6,0,1,1,32,1,5,6,2,2,40,3,300,1100,26
SIM_COVER_USE,6,32,0,0
SIM,6,0,1,1,33,0,1,6,1,2,40,3,1200,500,45
SIM_COVER_USE,6,33,0,0
SIM,6,0,1,1,34,1,1,6,1,2,40,2,300,1300,37
SIM_COVER_USE,6,34,0,0
SIM,6,0,1,1,35,0,0,9,0,3,39,2,1300,200,45
SIM_COVER_USE,6,35,0,0
SIM,6,0,1,1,36,1,3,7,1,3,39,2,200,900,34
SIM_COVER_USE,6,36,0,0
SIM,6,0,1,1,37,0,3,7,1,3,38,2,1100,300,45
SIM_COVER_USE,6,37,0,0
SIM,6,0,1,1,38,1,3,6,1,2,38,2,500,1100,39
SIM_COVER_USE,6,38,0,0
SIM,6,0,1,1,39,0,0,9,0,3,38,2,1500,300,45
SIM_COVER_USE,6,39,0,0
SIM,6,0,1,1,40,1,3,7,1,3,38,2,100,1000,32
SIM_COVER_USE,6,40,0,0
SIM,6,0,1,1,41,0,0,7,0,3,37,2,1100,400,45
SIM_COVER_USE,6,41,0,1
SIM,6,0,1,1,42,1,0,7,0,3,37,2,500,1100,41
SIM_COVER_USE,6,42,0,1
SIM,6,0,1,1,43,0,0,10,0,4,34,2,1500,300,45
SIM_COVER_USE,6,43,0,0
SIM,6,0,1,1,44,1,3,9,1,3,34,2,100,1000,34
SIM_COVER_USE,6,44,0,0
SIM,6,0,1,1,45,0,3,9,1,3,31,2,1000,400,45
SIM_COVER_USE,6,45,0,0
SIM,6,0,1,1,46,1,3,7,1,3,31,2,400,1100,39
SIM_COVER_USE,6,46,0,0
SIM,6,0,1,1,47,0,1,10,1,4,28,2,1300,300,45
SIM_COVER_USE,6,47,0,1
SIM,6,0,1,1,48,1,4,7,2,3,28,2,200,1000,30
SIM_COVER_USE,6,48,0,1
SIM,6,0,1,1,49,0,3,7,1,3,26,2,1100,400,45
SIM_COVER_USE,6,49,0,1
SIM,6,0,1,1,50,1,3,6,1,2,26,2,500,1200,39
SIM_COVER_USE,6,50,0,1
SIM,6,0,1,1,51,0,0,9,0,3,25,2,1500,100,45
SIM_COVER_USE,6,51,0,1
SIM,6,0,1,1,52,1,3,8,1,3,25,2,100,800,34
SIM_COVER_USE,6,52,0,1
SIM,6,0,1,1,53,0,0,8,0,3,24,2,1100,500,45
SIM_COVER_USE,6,53,0,1
SIM,6,0,1,1,54,1,0,8,0,3,24,2,500,1200,41
SIM_COVER_USE,6,54,0,1
SIM,6,0,1,1,55,0,0,11,0,4,21,2,1500,100,45
SIM_COVER_USE,6,55,0,0
SIM,6,0,1,1,56,1,3,9,1,3,21,2,100,800,32
SIM_COVER_USE,6,56,0,0
SIM,6,0,1,1,57,0,3,9,1,3,18,2,1000,500,45
SIM_COVER_USE,6,57,0,0
SIM,6,0,1,1,58,1,3,7,1,3,18,2,400,1200,39
SIM_COVER_USE,6,58,0,0
SIM,6,0,1,1,59,0,1,10,1,4,15,2,1300,100,45
SIM_COVER_USE,6,59,0,0
SIM,6,0,1,1,60,1,4,7,2,3,15,2,200,800,34
SIM_COVER_USE,6,60,0,0
SIM,6,0,1,1,61,0,1,7,1,3,14,2,1100,500,45
SIM_COVER_USE,6,61,0,1
SIM,6,0,1,1,62,1,1,6,1,2,14,2,500,1300,39
SIM_COVER_USE,6,62,0,1
SIM,6,0,1,1,63,0,0,9,0,3,12,2,1500,200,45
SIM_COVER_USE,6,63,0,1
SIM,6,0,1,1,64,1,3,8,1,3,12,2,100,900,34
SIM_COVER_USE,6,64,0,1
SIM,6,0,1,1,65,0,1,8,1,3,10,2,1000,300,45
SIM_COVER_USE,6,65,0,1
SIM,6,0,1,1,66,1,1,7,1,3,10,2,400,1000,39
SIM_COVER_USE,6,66,0,1
SIM,6,0,1,1,67,0,0,10,0,4,7,2,1400,200,45
SIM_COVER_USE,6,67,0,1
SIM,6,0,1,1,68,1,3,9,1,3,7,2,300,900,36
SIM_COVER_USE,6,68,0,0
SIM,6,0,1,1,69,0,3,9,1,3,4,2,1200,300,45
SIM_COVER_USE,6,69,0,0
SIM,6,0,1,1,70,1,3,7,1,3,4,2,300,1000,37
SIM_COVER_USE,6,70,0,0
SIM_END,6,0,1,1,70,1,0
SIM,7,0,1,2,1,0,6,0,1,0,40,40,1000,0,30
SIM_COVER_USE,7,1,0,0
SIM,7,0,1,2,2,1,9,0,2,0,40,39,200,1000,19
SIM_COVER_USE,7,2,0,0
SIM,7,0,1,2,3,0,7,3,2,1,40,39,900,200,45
SIM_COVER_USE,7,3,0,0
SIM,7,0,1,2,4,1,7,0,2,0,40,38,300,1200,23
SIM_COVER_USE,7,4,0,0
SIM,7,0,1,2,5,0,7,0,2,0,40,38,1000,300,45
SIM_COVER_USE,7,5,0,0
SIM,7,0,1,2,6,1,10,0,3,0,40,36,200,1300,27
SIM_COVER_USE,7,6,0,0
SIM,7,0,1,2,7,0,9,3,2,1,40,36,900,200,45
SIM_COVER_USE,7,7,0,0
SIM,7,0,1,2,8,1,9,0,2,0,40,35,300,1200,36
SIM_COVER_USE,7,8,0,0
SIM,7,0,1,2,9,0,9,0,2,0,40,35,1000,300,45
SIM_COVER_USE,7,9,0,0
SIM,7,0,1,2,10,1,12,0,3,0,40,33,200,1300,33
SIM_COVER_USE,7,10,0,0
SIM,7,0,1,2,11,0,10,3,3,1,40,33,800,200,45
SIM_COVER_USE,7,11,0,0
SIM,7,0,1,2,12,1,10,0,3,0,40,31,500,1200,34
SIM_COVER_USE,7,12,0,0
SIM,7,0,1,2,13,0,10,0,3,0,40,31,1100,300,45
SIM_COVER_USE,7,13,0,0
SIM,7,0,1,2,14,1,13,0,4,0,40,28,300,1300,31
SIM_COVER_USE,7,14,0,0
SIM,7,0,1,2,15,0,11,3,4,1,40,28,800,200,45
SIM_COVER_USE,7,15,0,0
SIM,7,0,1,2,16,1,11,0,4,0,40,25,500,1200,29
SIM_COVER_USE,7,16,0,0
SIM,7,0,1,2,17,0,11,0,4,0,40,25,1000,1200,45
SIM_COVER_USE,7,17,0,0
SIM,7,0,1,2,18,1,11,0,4,0,40,21,400,2200,33
SIM_COVER_USE,7,18,0,0
SIM,7,0,1,2,19,0,9,3,3,1,40,21,1100,500,45
SIM_COVER_USE,7,19,0,0
SIM,7,0,1,2,20,1,12,3,4,1,40,17,300,1400,24
SIM_COVER_USE,7,20,0,0
SIM,7,0,1,2,21,0,10,3,4,1,40,17,900,500,45
SIM_COVER_USE,7,21,0,0
SIM,7,0,1,2,22,1,10,3,4,1,40,13,300,1400,33
SIM_COVER_USE,7,22,0,0
SIM,7,0,1,2,23,0,7,6,3,2,40,13,1000,300,45
SIM_COVER_USE,7,23,0,0
SIM,7,0,1,2,24,1,10,4,4,2,40,10,200,1100,28
SIM_COVER_USE,7,24,0,0
SIM,7,0,1,2,25,0,7,4,3,2,40,10,900,500,45
SIM_COVER_USE,7,25,0,0
SIM,7,0,1,2,26,1,7,3,3,1,40,8,300,1400,35
SIM_COVER_USE,7,26,0,0
SIM,7,0,1,2,27,0,4,6,2,2,40,8,1100,300,45
SIM_COVER_USE,7,27,0,0
SIM,7,0,1,2,28,1,7,4,3,2,40,6,300,1100,30
SIM_COVER_USE,7,28,1,0
SIM,7,0,1,2,29,0,5,4,2,2,40,6,1100,500,45
SIM_COVER_USE,7,29,1,0
SIM,7,0,1,2,30,1,5,3,2,1,40,5,500,1400,37
SIM_COVER_USE,7,30,1,0
SIM,7,0,1,2,31,0,2,6,1,2,40,5,1400,300,45
SIM_COVER_USE,7,31,1,0
SIM,7,0,1,2,32,1,5,6,2,2,40,3,300,1100,26
SIM_COVER_USE,7,32,0,0
SIM,7,0,1,2,33,0,1,6,1,2,40,3,1200,500,45
SIM_COVER_USE,7,33,0,0
SIM,7,0,1,2,34,1,1,6,1,2,40,2,300,1300,37
SIM_COVER_USE,7,34,0,0
SIM,7,0,1,2,35,0,0,9,0,3,39,2,1300,200,45
SIM_COVER_USE,7,35,0,0
SIM,7,0,1,2,36,1,3,7,1,3,39,2,200,900,34
SIM_COVER_USE,7,36,0,0
SIM,7,0,1,2,37,0,3,7,1,3,38,2,1100,300,45
SIM_COVER_USE,7,37,0,0
SIM,7,0,1,2,38,1,3,6,1,2,38,2,500,1100,39
SIM_COVER_USE,7,38,0,0
SIM,7,0,1,2,39,0,0,9,0,3,38,2,1500,300,45
SIM_COVER_USE,7,39,0,0
SIM,7,0,1,2,40,1,3,7,1,3,38,2,100,1000,32
SIM_COVER_USE,7,40,0,0
SIM,7,0,1,2,41,0,0,7,0,3,37,2,1100,400,45
SIM_COVER_USE,7,41,0,1
SIM,7,0,1,2,42,1,0,7,0,3,37,2,500,1100,41
SIM_COVER_USE,7,42,0,1
SIM,7,0,1,2,43,0,0,10,0,4,34,2,1500,300,45
SIM_COVER_USE,7,43,0,0
SIM,7,0,1,2,44,1,3,9,1,3,34,2,100,1000,34
SIM_COVER_USE,7,44,0,0
SIM,7,0,1,2,45,0,3,9,1,3,31,2,1000,400,45
SIM_COVER_USE,7,45,0,0
SIM,7,0,1,2,46,1,3,7,1,3,31,2,400,1100,39
SIM_COVER_USE,7,46,0,0
SIM,7,0,1,2,47,0,1,10,1,4,28,2,1300,300,45
SIM_COVER_USE,7,47,0,1
SIM,7,0,1,2,48,1,4,7,2,3,28,2,200,1000,30
SIM_COVER_USE,7,48,0,1
SIM,7,0,1,2,49,0,3,7,1,3,26,2,1100,400,45
SIM_COVER_USE,7,49,0,1
SIM,7,0,1,2,50,1,3,6,1,2,26,2,500,1200,39
SIM_COVER_USE,7,50,0,1
SIM,7,0,1,2,51,0,0,9,0,3,25,2,1500,100,45
SIM_COVER_USE,7,51,0,1
SIM,7,0,1,2,52,1,3,8,1,3,25,2,100,800,34
SIM_COVER_USE,7,52,0,1
SIM,7,0,1,2,53,0,0,8,0,3,24,2,1100,500,45
SIM_COVER_USE,7,53,0,1
SIM,7,0,1,2,54,1,0,8,0,3,24,2,500,1200,41
SIM_COVER_USE,7,54,0,1
SIM,7,0,1,2,55,0,0,11,0,4,21,2,1500,100,45
SIM_COVER_USE,7,55,0,0
SIM,7,0,1,2,56,1,3,9,1,3,21,2,100,800,32
SIM_COVER_USE,7,56,0,0
SIM,7,0,1,2,57,0,3,9,1,3,18,2,1000,500,45
SIM_COVER_USE,7,57,0,0
SIM,7,0,1,2,58,1,3,7,1,3,18,2,400,1200,39
SIM_COVER_USE,7,58,0,0
SIM,7,0,1,2,59,0,1,10,1,4,15,2,1300,100,45
SIM_COVER_USE,7,59,0,0
SIM,7,0,1,2,60,1,4,7,2,3,15,2,200,800,34
SIM_COVER_USE,7,60,0,0
SIM,7,0,1,2,61,0,1,7,1,3,14,2,1100,500,45
SIM_COVER_USE,7,61,0,1
SIM,7,0,1,2,62,1,1,6,1,2,14,2,500,1300,39
SIM_COVER_USE,7,62,0,1
SIM,7,0,1,2,63,0,0,9,0,3,12,2,1500,200,45
SIM_COVER_USE,7,63,0,1
SIM,7,0,1,2,64,1,3,8,1,3,12,2,100,900,34
SIM_COVER_USE,7,64,0,1
SIM,7,0,1,2,65,0,1,8,1,3,10,2,1000,300,45
SIM_COVER_USE,7,65,0,1
SIM,7,0,1,2,66,1,1,7,1,3,10,2,400,1000,39
SIM_COVER_USE,7,66,0,1
SIM,7,0,1,2,67,0,0,10,0,4,7,2,1400,200,45
SIM_COVER_USE,7,67,0,1
SIM,7,0,1,2,68,1,3,9,1,3,7,2,300,900,36
SIM_COVER_USE,7,68,0,0
SIM,7,0,1,2,69,0,3,9,1,3,4,2,1200,300,45
SIM_COVER_USE,7,69,0,0
SIM,7,0,1,2,70,1,3,7,1,3,4,2,300,1000,37
SIM_COVER_USE,7,70,0,0
SIM_END,7,0,1,2,70,1,0
SIM,8,1,1,0,1,0,0,6,0,1,40,40,1000,0,30
SIM_COVER_USE,8,1,0,0
SIM,8,1,1,0,2,1,3,4,1,1,40,40,200,800,19
SIM_COVER_USE,8,2,0,0
SIM,8,1,1,0,3,0,0,7,0,2,39,40,1200,300,45
SIM_COVER_USE,8,3,0,0
SIM,8,1,1,0,4,1,0,7,0,2,39,40,300,1000,39
SIM_COVER_USE,8,4,0,0
SIM,8,1,1,0,5,0,0,7,0,2,38,40,1300,400,45
SIM_COVER_USE,8,5,0,0
SIM,8,1,1,0,6,1,3,5,1,2,38,40,200,1100,34
SIM_COVER_USE,8,6,0,0
SIM,8,1,1,0,7,0,0,8,0,3,37,40,1200,300,45
SIM_COVER_USE,8,7,0,0
SIM,8,1,1,0,8,1,0,8,0,3,37,40,300,900,39
SIM_COVER_USE,8,8,0,0
SIM,8,1,1,0,9,0,0,8,0,3,34,40,1300,300,45
SIM_COVER_USE,8,9,0,0
SIM,8,1,1,0,10,1,3,7,1,2,34,40,200,1000,34
SIM_COVER_USE,8,10,0,0
SIM,8,1,1,0,11,0,0,10,0,3,32,40,1200,200,45
SIM_COVER_USE,8,11,0,0
SIM,8,1,1,0,12,1,0,10,0,3,32,40,300,800,39
SIM_COVER_USE,8,12,0,0
SIM,8,1,1,0,13,0,0,10,0,3,29,40,1300,500,45
SIM_COVER_USE,8,13,0,0
SIM,8,1,1,0,14,1,3,8,1,3,29,40,200,1100,36
SIM_COVER_USE,8,14,0,0
SIM,8,1,1,0,15,0,0,11,0,4,27,40,1200,300,45
SIM_COVER_USE,8,15,0,0
SIM,8,1,1,0,16,1,0,11,0,4,27,40,300,800,39
SIM_COVER_USE,8,16,0,0
SIM,8,1,1,0,17,0,0,11,0,4,23,40,1300,500,45
SIM_COVER_USE,8,17,0,0
SIM,8,1,1,0,18,1,3,9,1,3,23,40,500,1200,38
SIM_COVER_USE,8,18,0,0
SIM,8,1,1,0,19,0,3,12,1,4,19,40,1400,100,45
SIM_COVER_USE,8,19,0,0
SIM,8,1,1,0,20,1,3,10,1,4,19,40,500,700,37
SIM_COVER_USE,8,20,0,0
SIM,8,1,1,0,21,0,3,10,1,4,15,40,1400,400,45
SIM_COVER_USE,8,21,0,0
SIM,8,1,1,0,22,1,6,7,2,3,15,40,300,1100,34
SIM_COVER_USE,8,22,0,0
SIM,8,1,1,0,23,0,6,10,2,4,11,40,1100,300,45
SIM_COVER_USE,8,23,0,0
SIM,8,1,1,0,24,1,6,7,2,3,11,40,500,1000,37
SIM_COVER_USE,8,24,0,0
SIM,8,1,1,0,25,0,6,7,2,3,8,40,1300,400,45
SIM_COVER_USE,8,25,0,0
SIM,8,1,1,0,26,1,9,3,3,1,8,40,200,1300,26
SIM_COVER_USE,8,26,0,0
SIM,8,1,1,0,27,0,7,6,3,2,7,40,900,200,45
SIM_COVER_USE,8,27,0,0
SIM,8,1,1,0,28,1,7,1,3,1,7,40,300,1100,29
SIM_COVER_USE,8,28,0,0
SIM,8,1,1,0,29,0,6,1,2,1,7,40,1100,500,45
SIM_COVER_USE,8,29,0,0
SIM,8,1,1,0,30,1,9,0,3,0,7,38,300,1500,26
SIM_COVER_USE,8,30,0,0
SIM,8,1,1,0,31,0,7,3,3,1,7,38,1000,100,45
SIM_COVER_USE,8,31,0,0
SIM,8,1,1,0,32,1,7,3,3,1,7,36,400,1000,37
SIM_COVER_USE,8,32,0,0
SIM,8,1,1,0,33,0,6,3,2,1,7,36,1200,400,45
SIM_COVER_USE,8,33,0,0
SIM,8,1,1,0,34,1,9,3,3,1,7,33,100,1300,16
SIM_COVER_USE,8,34,0,0
SIM,8,1,1,0,35,0,6,6,2,2,7,33,900,200,45
SIM_COVER_USE,8,35,0,0
SIM,8,1,1,0,36,1,6,6,2,2,7,31,300,1000,37
SIM_COVER_USE,8,36,0,0
SIM,8,1,1,0,37,0,3,6,1,2,7,31,1200,400,45
SIM_COVER_USE,8,37,0,0
SIM,8,1,1,0,38,1,6,4,2,2,7,30,100,1200,30
SIM_COVER_USE,8,38,0,0
SIM,8,1,1,0,39,0,1,7,1,3,7,30,1000,100,45
SIM_COVER_USE,8,39,0,0
SIM,8,1,1,0,40,1,1,6,1,2,7,30,400,900,37
SIM_COVER_USE,8,40,0,0
SIM,8,1,1,0,41,0,0,6,0,2,6,30,1400,300,45
SIM_COVER_USE,8,41,0,0
SIM,8,1,1,0,42,1,3,4,1,2,6,30,300,1100,34
SIM_COVER_USE,8,42,0,0
SIM,8,1,1,0,43,0,0,7,0,3,5,30,1300,300,45
SIM_COVER_USE,8,43,0,1
SIM,8,1,1,0,44,1,0,7,0,3,5,30,400,1000,39
SIM_COVER_USE,8,44,0,1
SIM,8,1,1,0,45,0,0,7,0,3,2,30,1400,400,45
SIM_COVER_USE,8,45,0,0
SIM,8,1,1,0,46,1,3,6,1,2,2,30,300,1200,34
SIM_COVER_USE,8,46,0,0
SIM_END,8,1,1,0,46,1,0
SIM,9,1,1,1,1,0,0,6,0,1,40,40,1000,0,30
SIM_COVER_USE,9,1,0,0
SIM,9,1,1,1,2,1,3,4,1,1,40,40,200,800,19
SIM_COVER_USE,9,2,0,0
SIM,9,1,1,1,3,0,0,7,0,2,39,40,1200,300,45
SIM_COVER_USE,9,3,0,0
SIM,9,1,1,1,4,1,0,7,0,2,39,40,300,1000,39
SIM_COVER_USE,9,4,0,0
SIM,9,1,1,1,5,0,0,7,0,2,38,40,1300,400,45
SIM_COVER_USE,9,5,0,0
SIM,9,1,1,1,6,1,3,5,1,2,38,40,200,1100,34
SIM_COVER_USE,9,6,0,0
SIM,9,1,1,1,7,0,0,8,0,3,37,40,1200,300,45
SIM_COVER_USE,9,7,0,0
SIM,9,1,1,1,8,1,0,8,0,3,37,40,300,900,39
SIM_COVER_USE,9,8,0,0
SIM,9,1,1,1,9,0,0,8,0,3,34,40,1300,300,45
SIM_COVER_USE,9,9,0,0
SIM,9,1,1,1,10,1,3,7,1,2,34,40,200,1000,34
SIM_COVER_USE,9,10,0,0
SIM,9,1,1,1,11,0,0,10,0,3,32,40,1200,200,45
SIM_COVER_USE,9,11,0,0
SIM,9,1,1,1,12,1,0,10,0,3,32,40,300,800,39
SIM_COVER_USE,9,12,0,0
SIM,9,1,1,1,13,0,0,10,0,3,29,40,1300,500,45
SIM_COVER_USE,9,13,0,0
SIM,9,1,1,1,14,1,3,8,1,3,29,40,200,1100,36
SIM_COVER_USE,9,14,0,0
SIM,9,1,1,1,15,0,0,11,0,4,27,40,1200,300,45
SIM_COVER_USE,9,15,0,0
SIM,9,1,1,1,16,1,0,11,0,4,27,40,300,800,39
SIM_COVER_USE,9,16,0,0
SIM,9,1,1,1,17,0,0,11,0,4,23,40,1300,500,45
SIM_COVER_USE,9,17,0,0
SIM,9,1,1,1,18,1,3,9,1,3,23,40,500,1200,38
SIM_COVER_USE,9,18,0,0
SIM,9,1,1,1,19,0,3,12,1,4,19,40,1400,100,45
SIM_COVER_USE,9,19,0,0
SIM,9,1,1,1,20,1,3,10,1,4,19,40,500,700,37
SIM_COVER_USE,9,20,0,0
SIM,9,1,1,1,21,0,3,10,1,4,15,40,1400,400,45
SIM_COVER_USE,9,21,0,0
SIM,9,1,1,1,22,1,6,7,2,3,15,40,300,1100,34
SIM_COVER_USE,9,22,0,0
SIM,9,1,1,1,23,0,6,10,2,4,11,40,1100,300,45
SIM_COVER_USE,9,23,0,0
SIM,9,1,1,1,24,1,6,7,2,3,11,40,500,1000,37
SIM_COVER_USE,9,24,0,0
SIM,9,1,1,1,25,0,6,7,2,3,8,40,1300,400,45
SIM_COVER_USE,9,25,0,0
SIM,9,1,1,1,26,1,9,3,3,1,8,40,200,1300,26
SIM_COVER_USE,9,26,0,0
SIM,9,1,1,1,27,0,7,6,3,2,7,40,900,200,45
SIM_COVER_USE,9,27,0,0
SIM,9,1,1,1,28,1,7,1,3,1,7,40,300,1100,29
SIM_COVER_USE,9,28,0,0
SIM,9,1,1,1,29,0,6,1,2,1,7,40,1100,500,45
SIM_COVER_USE,9,29,0,0
SIM,9,1,1,1,30,1,9,0,3,0,7,38,300,1500,26
SIM_COVER_USE,9,30,0,0
SIM,9,1,1,1,31,0,7,3,3,1,7,38,1000,100,45
SIM_COVER_USE,9,31,0,0
SIM,9,1,1,1,32,1,7,3,3,1,7,36,400,1000,37
SIM_COVER_USE,9,32,0,0
SIM,9,1,1,1,33,0,6,3,2,1,7,36,1200,400,45
SIM_COVER_USE,9,33,0,0
SIM,9,1,1,1,34,1,9,3,3,1,7,33,100,1300,16
SIM_COVER_USE,9,34,0,0
SIM,9,1,1,1,35,0,6,6,2,2,7,33,900,200,45
SIM_COVER_USE,9,35,0,0
SIM,9,1,1,1,36,1,6,6,2,2,7,31,300,1000,37
SIM_COVER_USE,9,36,0,0
SIM,9,1,1,1,37,0,3,6,1,2,7,31,1200,400,45
SIM_COVER_USE,9,37,0,0
SIM,9,1,1,1,38,1,6,4,2,2,7,30,100,1200,30
SIM_COVER_USE,9,38,0,0
SIM,9,1,1,1,39,0,1,7,1,3,7,30,1000,100,45
SIM_COVER_USE,9,39,0,0
SIM,9,1,1,1,40,1,1,6,1,2,7,30,400,900,37
SIM_COVER_USE,9,40,0,0
SIM,9,1,1,1,41,0,0,6,0,2,6,30,1400,300,45
SIM_COVER_USE,9,41,0,0
SIM,9,1,1,1,42,1,3,4,1,2,6,30,300,1100,34
SIM_COVER_USE,9,42,0,0
SIM,9,1,1,1,43,0,0,7,0,3,5,30,1300,300,45
SIM_COVER_USE,9,43,0,1
SIM,9,1,1,1,44,1,0,7,0,3,5,30,400,1000,39
SIM_COVER_USE,9,44,0,1
SIM,9,1,1,1,45,0,0,7,0,3,2,30,1400,400,45
SIM_COVER_USE,9,45,0,0
SIM,9,1,1,1,46,1,3,6,1,2,2,30,300,1200,34
SIM_COVER_USE,9,46,0,0
SIM_END,9,1,1,1,46,1,0
SIM,10,1,1,2,1,0,0,6,0,1,40,40,1000,0,30
SIM_COVER_USE,10,1,0,0
SIM,10,1,1,2,2,1,3,6,1,1,40,39,200,800,19
SIM_COVER_USE,10,2,0,0
SIM,10,1,1,2,3,0,0,9,0,2,39,39,1200,300,45
SIM_COVER_USE,10,3,0,0
SIM,10,1,1,2,4,1,0,9,0,2,39,39,300,1000,39
SIM_COVER_USE,10,4,0,0
SIM,10,1,1,2,5,0,0,9,0,2,38,39,1300,400,45
SIM_COVER_USE,10,5,0,0
SIM,10,1,1,2,6,1,3,7,1,2,38,39,200,1100,34
SIM_COVER_USE,10,6,0,0
SIM,10,1,1,2,7,0,0,10,0,3,37,39,1200,300,45
SIM_COVER_USE,10,7,0,0
SIM,10,1,1,2,8,1,0,10,0,3,37,39,300,900,39
SIM_COVER_USE,10,8,0,0
SIM,10,1,1,2,9,0,0,10,0,3,34,39,1300,300,45
SIM_COVER_USE,10,9,0,0
SIM,10,1,1,2,10,1,3,9,1,2,34,39,200,1000,34
SIM_COVER_USE,10,10,0,0
SIM,10,1,1,2,11,0,0,12,0,3,32,39,1200,200,45
SIM_COVER_USE,10,11,0,0
SIM,10,1,1,2,12,1,0,12,0,3,32,39,300,800,39
SIM_COVER_USE,10,12,0,0
SIM,10,1,1,2,13,0,0,12,0,3,29,39,1300,500,45
SIM_COVER_USE,10,13,0,0
SIM,10,1,1,2,14,1,3,10,1,3,29,39,200,1100,36
SIM_COVER_USE,10,14,0,0
SIM,10,1,1,2,15,0,0,13,0,4,27,39,1200,300,45
SIM_COVER_USE,10,15,0,0
SIM,10,1,1,2,16,1,0,13,0,4,27,39,300,800,39
SIM_COVER_USE,10,16,0,0
SIM,10,1,1,2,17,0,0,13,0,4,23,39,1300,500,45
SIM_COVER_USE,10,17,0,0
SIM,10,1,1,2,18,1,3,11,1,4,23,39,500,1000,38
SIM_COVER_USE,10,18,0,0
SIM,10,1,1,2,19,0,0,11,0,4,20,39,1500,400,45
SIM_COVER_USE,10,19,0,0
SIM,10,1,1,2,20,1,0,11,0,4,20,39,1500,900,45
SIM_COVER_USE,10,20,0,0
SIM,10,1,1,2,21,0,0,11,0,4,16,39,2500,300,45
SIM_COVER_USE,10,21,0,0
SIM,10,1,1,2,22,1,3,9,1,3,16,39,500,1000,30
SIM_COVER_USE,10,22,0,0
SIM,10,1,1,2,23,0,3,12,1,4,12,39,1400,200,45
SIM_COVER_USE,10,23,0,0
SIM,10,1,1,2,24,1,3,10,1,4,12,39,500,800,37
SIM_COVER_USE,10,24,0,0
SIM,10,1,1,2,25,0,3,10,1,4,8,39,1400,500,45
SIM_COVER_USE,10,25,0,0
SIM,10,1,1,2,26,1,6,7,2,3,8,39,300,1200,34
SIM_COVER_USE,10,26,0,0
SIM,10,1,1,2,27,0,6,10,2,4,4,39,1100,100,45
SIM_COVER_USE,10,27,0,0
SIM,10,1,1,2,28,1,6,7,2,3,4,39,500,800,37
SIM_COVER_USE,10,28,0,0
SIM,10,1,1,2,29,0,6,7,2,3,1,39,1300,500,45
SIM_COVER_USE,10,29,0,0
SIM,10,1,1,2,30,1,9,3,3,1,1,39,200,1400,26
SIM_COVER_USE,10,30,0,0
SIM_END,10,1,1,2,30,1,0
SIM,11,0,2,0,1,0,12,0,2,0,40,40,1000,0,30
SIM_COVER_USE,11,1,0,0
SIM,11,0,2,0,2,1,12,0,2,0,40,39,400,1000,0
SIM_COVER_USE,11,2,0,0
SIM,11,0,2,0,3,0,10,3,2,1,40,39,1000,200,30
SIM_COVER_USE,11,3,0,0
SIM,11,0,2,0,4,1,13,0,3,0,40,37,200,1200,15
SIM_COVER_USE,11,4,0,0
SIM,11,0,2,0,5,0,13,0,3,0,40,37,700,300,45
SIM_COVER_USE,11,5,0,0
SIM,11,0,2,0,6,1,13,0,3,0,40,35,400,1300,37
SIM_COVER_USE,11,6,0,0
SIM,11,0,2,0,7,0,11,3,3,1,40,35,900,200,45
SIM_COVER_USE,11,7,0,0
SIM,11,0,2,0,8,1,14,0,4,0,40,33,100,1200,25
SIM_COVER_USE,11,8,0,0
SIM,11,0,2,0,9,0,14,0,4,0,40,33,500,300,45
SIM_COVER_USE,11,9,0,0
SIM,11,0,2,0,10,1,14,0,4,0,40,29,500,1300,31
SIM_COVER_USE,11,10,0,0
SIM,11,0,2,0,11,0,12,3,3,1,40,29,1100,500,45
SIM_COVER_USE,11,11,0,0
SIM,11,0,2,0,12,1,15,0,4,0,40,26,300,1500,14
SIM_COVER_USE,11,12,0,0
SIM,11,0,2,0,13,0,15,0,4,0,40,26,800,300,44
SIM_COVER_USE,11,13,0,0
SIM,11,0,2,0,14,1,15,0,4,0,40,23,500,1300,34
SIM_COVER_USE,11,14,0,0
SIM,11,0,2,0,15,0,13,3,4,1,40,23,1000,200,45
SIM_COVER_USE,11,15,0,0
SIM,11,0,2,0,16,1,13,0,4,0,40,20,400,1200,31
SIM_COVER_USE,11,16,0,0
SIM,11,0,2,0,17,0,13,0,4,0,40,20,900,300,45
SIM_COVER_USE,11,17,0,0
SIM,11,0,2,0,18,1,13,0,4,0,40,17,300,1300,33
SIM_COVER_USE,11,18,0,0
SIM,11,0,2,0,19,0,12,3,3,1,40,17,900,200,45
SIM_COVER_USE,11,19,0,0
SIM,11,0,2,0,20,1,15,0,4,0,40,14,100,1200,22
SIM_COVER_USE,11,20,0,0
SIM,11,0,2,0,21,0,15,0,4,0,40,14,600,300,45
SIM_COVER_USE,11,21,0,0
SIM,11,0,2,0,22,1,15,0,4,0,40,11,300,1300,35
SIM_COVER_USE,11,22,0,0
SIM,11,0,2,0,23,0,13,3,4,1,40,11,800,200,45
SIM_COVER_USE,11,23,0,0
SIM,11,0,2,0,24,1,13,0,4,0,40,8,500,1200,33
SIM_COVER_USE,11,24,0,0
SIM,11,0,2,0,25,0,13,0,4,0,40,8,1000,300,45
SIM_COVER_USE,11,25,0,0
SIM,11,0,2,0,26,1,13,0,4,0,40,5,400,1300,33
SIM_COVER_USE,11,26,0,0
SIM,11,0,2,0,27,0,12,3,3,1,40,5,1000,200,45
SIM_COVER_USE,11,27,0,0
SIM,11,0,2,0,28,1,15,0,4,0,40,2,200,1200,22
SIM_COVER_USE,11,28,0,0
SIM,11,0,2,0,29,0,15,0,4,0,40,2,700,300,45
SIM_COVER_USE,11,29,0,0
SIM_END,11,0,2,0,29,0,0
SIM,12,0,2,1,1,0,12,0,2,0,40,40,1000,0,30
SIM_COVER_USE,12,1,0,0
SIM,12,0,2,1,2,1,15,0,3,0,40,38,200,1000,1
SIM_COVER_USE,12,2,0,0
SIM,12,0,2,1,3,0,13,3,3,1,40,38,700,200,31
SIM_COVER_USE,12,3,0,0
SIM,12,0,2,1,4,1,13,0,3,0,40,37,400,1200,21
SIM_COVER_USE,12,4,0,0
SIM,12,0,2,1,5,0,13,0,3,0,40,37,900,300,45
SIM_COVER_USE,12,5,0,0
SIM,12,0,2,1,6,1,16,0,4,0,40,35,100,1300,14
SIM_COVER_USE,12,6,0,0
SIM,12,0,2,1,7,0,15,3,3,1,40,35,600,200,44
SIM_COVER_USE,12,7,0,0
SIM,12,0,2,1,8,1,15,0,3,0,40,33,300,1200,34
SIM_COVER_USE,12,8,0,0
SIM,12,0,2,1,9,0,15,0,3,0,40,33,800,300,45
SIM_COVER_USE,12,9,0,0
SIM,12,0,2,1,10,1,18,0,4,0,40,29,300,1300,22
SIM_COVER_USE,12,10,0,0
SIM,12,0,2,1,11,0,16,3,4,1,40,29,700,200,45
SIM_COVER_USE,12,11,0,0
SIM,12,0,2,1,12,1,16,0,4,0,40,26,400,1200,29
SIM_COVER_USE,12,12,0,0
SIM,12,0,2,1,13,0,16,0,4,0,40,26,800,1200,45
SIM_COVER_USE,12,13,0,0
SIM,12,0,2,1,14,1,16,0,4,0,40,22,500,2200,35
SIM_COVER_USE,12,14,0,0
SIM,12,0,2,1,15,0,14,3,4,1,40,22,900,500,45
SIM_COVER_USE,12,15,0,0
SIM,12,0,2,1,16,1,14,0,4,0,40,19,300,1500,33
SIM_COVER_USE,12,16,0,0
SIM,12,0,2,1,17,0,14,0,4,0,40,19,700,1500,45
SIM_COVER_USE,12,17,0,0
SIM,12,0,2,1,18,1,14,0,4,0,40,15,400,2500,35
SIM_COVER_USE,12,18,0,0
SIM,12,0,2,1,19,0,12,3,3,1,40,15,1000,500,45
SIM_COVER_USE,12,19,0,0
SIM,12,0,2,1,20,1,15,0,4,0,40,12,200,1500,20
SIM_COVER_USE,12,20,0,0
SIM,12,0,2,1,21,0,15,0,4,0,40,12,700,300,45
SIM_COVER_USE,12,21,0,0
SIM,12,0,2,1,22,1,15,0,4,0,40,8,400,1300,31
SIM_COVER_USE,12,22,0,0
SIM,12,0,2,1,23,0,13,3,4,1,40,8,900,500,45
SIM_COVER_USE,12,23,0,0
SIM,12,0,2,1,24,1,13,0,4,0,40,5,300,1500,29
SIM_COVER_USE,12,24,0,0
SIM,12,0,2,1,25,0,13,0,4,0,40,5,800,300,45
SIM_COVER_USE,12,25,0,0
SIM,12,0,2,1,26,1,13,0,4,0,40,1,500,1300,31
SIM_COVER_USE,12,26,0,0
SIM,12,0,2,1,27,0,12,3,3,1,40,1,1100,500,45
SIM_COVER_USE,12,27,0,0
SIM_END,12,0,2,1,27,0,0
SIM,13,0,2,2,1,0,12,0,2,0,40,40,1000,0,30
SIM_COVER_USE,13,1,0,0
SIM,13,0,2,2,2,1,12,0,2,0,40,39,400,1000,0
SIM_COVER_USE,13,2,0,0
SIM,13,0,2,2,3,0,10,3,2,1,40,39,1000,200,30
SIM_COVER_USE,13,3,0,0
SIM,13,0,2,2,4,1,13,0,3,0,40,38,200,1200,19
SIM_COVER_USE,13,4,0,0
SIM,13,0,2,2,5,0,13,0,3,0,40,38,700,300,45
SIM_COVER_USE,13,5,0,0
SIM,13,0,2,2,6,1,13,0,3,0,40,37,400,1300,41
SIM_COVER_USE,13,6,0,0
SIM,13,0,2,2,7,0,11,3,3,1,40,37,900,200,45
SIM_COVER_USE,13,7,0,0
SIM,13,0,2,2,8,1,14,0,4,0,40,35,100,1200,13
SIM_COVER_USE,13,8,0,0
SIM,13,0,2,2,9,0,14,0,4,0,40,35,500,300,43
SIM_COVER_USE,13,9,0,0
SIM,13,0,2,2,10,1,14,0,4,0,40,31,500,1300,29
SIM_COVER_USE,13,10,0,0
SIM,13,0,2,2,11,0,12,3,3,1,40,31,1100,500,45
SIM_COVER_USE,13,11,0,0
SIM,13,0,2,2,12,1,15,0,4,0,40,28,300,1500,26
SIM_COVER_USE,13,12,0,0
SIM,13,0,2,2,13,0,15,0,4,0,40,28,800,300,45
SIM_COVER_USE,13,13,0,0
SIM,13,0,2,2,14,1,15,0,4,0,40,24,500,1300,33
SIM_COVER_USE,13,14,0,0
SIM,13,0,2,2,15,0,13,3,4,1,40,24,1000,500,45
SIM_COVER_USE,13,15,0,0
SIM,13,0,2,2,16,1,13,0,4,0,40,21,400,1500,23
SIM_COVER_USE,13,16,0,0
SIM,13,0,2,2,17,0,13,0,4,0,40,21,900,300,45
SIM_COVER_USE,13,17,0,0
SIM,13,0,2,2,18,1,13,0,4,0,40,18,300,1300,33
SIM_COVER_USE,13,18,0,0
SIM,13,0,2,2,19,0,12,3,3,1,40,18,900,200,45
SIM_COVER_USE,13,19,0,0
SIM,13,0,2,2,20,1,15,0,4,0,40,15,100,1200,22
SIM_COVER_USE,13,20,0,0
SIM,13,0,2,2,21,0,15,0,4,0,40,15,600,300,45
SIM_COVER_USE,13,21,0,0
SIM,13,0,2,2,22,1,15,0,4,0,40,12,300,1300,35
SIM_COVER_USE,13,22,0,0
SIM,13,0,2,2,23,0,13,3,4,1,40,12,800,200,45
SIM_COVER_USE,13,23,0,0
SIM,13,0,2,2,24,1,13,0,4,0,40,9,500,1200,33
SIM_COVER_USE,13,24,0,0
SIM,13,0,2,2,25,0,13,0,4,0,40,9,1000,300,45
SIM_COVER_USE,13,25,0,0
SIM,13,0,2,2,26,1,13,0,4,0,40,6,400,1300,33
SIM_COVER_USE,13,26,0,0
SIM,13,0,2,2,27,0,12,3,3,1,40,6,1000,200,45
SIM_COVER_USE,13,27,0,0
SIM,13,0,2,2,28,1,15,0,4,0,40,3,200,1200,22
SIM_COVER_USE,13,28,0,0
SIM,13,0,2,2,29,0,15,0,4,0,40,3,700,300,45
SIM_COVER_USE,13,29,0,0
SIM_END,13,0,2,2,29,0,0
SIM,14,1,2,0,1,0,0,12,0,2,40,40,1000,0,30
SIM_COVER_USE,14,1,0,0
SIM,14,1,2,0,2,1,3,10,1,2,40,40,200,600,19
SIM_COVER_USE,14,2,0,0
SIM,14,1,2,0,3,0,0,13,0,3,39,40,1200,100,45
SIM_COVER_USE,14,3,0,0
SIM,14,1,2,0,4,1,0,13,0,3,39,40,300,600,39
SIM_COVER_USE,14,4,0,0
SIM,14,1,2,0,5,0,0,13,0,3,37,40,1300,300,45
SIM_COVER_USE,14,5,0,0
SIM,14,1,2,0,6,1,3,11,1,3,37,40,200,800,36
SIM_COVER_USE,14,6,0,0
SIM,14,1,2,0,7,0,0,14,0,4,35,40,1200,300,45
SIM_COVER_USE,14,7,0,0
SIM,14,1,2,0,8,1,0,14,0,4,35,40,300,700,39
SIM_COVER_USE,14,8,0,0
SIM,14,1,2,0,9,0,0,14,0,4,31,40,1300,400,45
SIM_COVER_USE,14,9,0,0
SIM,14,1,2,0,10,1,3,12,1,3,31,40,500,1000,38
SIM_COVER_USE,14,10,0,0
SIM,14,1,2,0,11,0,0,15,0,4,28,40,1500,200,45
SIM_COVER_USE,14,11,0,1
SIM,14,1,2,0,12,1,0,15,0,4,28,40,300,700,37
SIM_COVER_USE,14,12,0,1
SIM,14,1,2,0,13,0,0,15,0,4,25,40,1300,400,45
SIM_COVER_USE,14,13,0,0
SIM,14,1,2,0,14,1,3,13,1,4,25,40,200,900,36
SIM_COVER_USE,14,14,0,0
SIM,14,1,2,0,15,0,0,13,0,4,22,40,1200,300,45
SIM_COVER_USE,14,15,0,1
SIM,14,1,2,0,16,1,0,13,0,4,22,40,300,800,39
SIM_COVER_USE,14,16,0,1
SIM,14,1,2,0,17,0,0,13,0,4,19,40,1300,500,45
SIM_COVER_USE,14,17,0,0
SIM,14,1,2,0,18,1,3,12,1,3,19,40,200,1100,36
SIM_COVER_USE,14,18,0,0
SIM,14,1,2,0,19,0,0,15,0,4,16,40,1200,300,45
SIM_COVER_USE,14,19,0,1
SIM,14,1,2,0,20,1,0,15,0,4,16,40,300,800,39
SIM_COVER_USE,14,20,0,1
SIM,14,1,2,0,21,0,0,15,0,4,13,40,1300,500,45
SIM_COVER_USE,14,21,0,0
SIM,14,1,2,0,22,1,3,13,1,4,13,40,200,1000,36
SIM_COVER_USE,14,22,0,0
SIM,14,1,2,0,23,0,0,13,0,4,10,40,1200,400,45
SIM_COVER_USE,14,23,0,1
SIM,14,1,2,0,24,1,0,13,0,4,10,40,300,900,39
SIM_COVER_USE,14,24,0,1
SIM,14,1,2,0,25,0,0,13,0,4,7,40,1300,300,45
SIM_COVER_USE,14,25,0,0
SIM,14,1,2,0,26,1,3,12,1,3,7,40,200,900,36
SIM_COVER_USE,14,26,0,0
SIM,14,1,2,0,27,0,0,15,0,4,4,40,1200,100,45
SIM_COVER_USE,14,27,0,1
SIM,14,1,2,0,28,1,0,15,0,4,4,40,300,600,39
SIM_COVER_USE,14,28,0,1
SIM_END,14,1,2,0,28,1,0
SIM,15,1,2,1,1,0,0,12,0,2,40,40,1000,0,30
SIM_COVER_USE,15,1,0,0
SIM,15,1,2,1,2,1,3,10,1,2,40,40,200,600,19
SIM_COVER_USE,15,2,0,0
SIM,15,1,2,1,3,0,0,13,0,3,39,40,1200,100,45
SIM_COVER_USE,15,3,0,0
SIM,15,1,2,1,4,1,0,13,0,3,39,40,300,600,39
SIM_COVER_USE,15,4,0,0
SIM,15,1,2,1,5,0,0,13,0,3,38,40,1300,300,45
SIM_COVER_USE,15,5,0,0
SIM,15,1,2,1,6,1,3,11,1,3,38,40,200,800,34
SIM_COVER_USE,15,6,0,0
SIM,15,1,2,1,7,0,0,14,0,4,36,40,1200,300,45
SIM_COVER_USE,15,7,0,0
SIM,15,1,2,1,8,1,0,14,0,4,36,40,300,700,39
SIM_COVER_USE,15,8,0,0
SIM,15,1,2,1,9,0,0,14,0,4,33,40,1300,400,45
SIM_COVER_USE,15,9,0,0
SIM,15,1,2,1,10,1,3,13,1,3,33,40,200,900,32
SIM_COVER_USE,15,10,0,0
SIM,15,1,2,1,11,0,0,16,0,4,30,40,1200,100,45
SIM_COVER_USE,15,11,0,0
SIM,15,1,2,1,12,1,0,16,0,4,30,40,300,500,39
SIM_COVER_USE,15,12,0,0
SIM,15,1,2,1,13,0,0,16,0,4,27,40,1300,500,45
SIM_COVER_USE,15,13,0,0
SIM,15,1,2,1,14,1,3,14,1,4,27,40,200,900,36
SIM_COVER_USE,15,14,0,0
SIM,15,1,2,1,15,0,0,14,0,4,24,40,1200,300,45
SIM_COVER_USE,15,15,0,0
SIM,15,1,2,1,16,1,0,14,0,4,24,40,300,700,39
SIM_COVER_USE,15,16,0,0
SIM,15,1,2,1,17,0,0,14,0,4,21,40,1300,400,45
SIM_COVER_USE,15,17,0,0
SIM,15,1,2,1,18,1,3,13,1,3,21,40,200,900,36
SIM_COVER_USE,15,18,0,0
SIM,15,1,2,1,19,0,0,16,0,4,18,40,1200,100,45
SIM_COVER_USE,15,19,0,0
SIM,15,1,2,1,20,1,0,16,0,4,18,40,300,500,39
SIM_COVER_USE,15,20,0,0
SIM,15,1,2,1,21,0,0,16,0,4,15,40,1300,500,45
SIM_COVER_USE,15,21,0,0
SIM,15,1,2,1,22,1,3,14,1,4,15,40,200,900,36
SIM_COVER_USE,15,22,0,0
SIM,15,1,2,1,23,0,0,14,0,4,12,40,1200,300,45
SIM_COVER_USE,15,23,0,0
SIM,15,1,2,1,24,1,0,14,0,4,12,40,300,700,39
SIM_COVER_USE,15,24,0,0
SIM,15,1,2,1,25,0,0,14,0,4,9,40,1300,400,45
SIM_COVER_USE,15,25,0,0
SIM,15,1,2,1,26,1,3,13,1,3,9,40,200,900,36
SIM_COVER_USE,15,26,0,0
SIM,15,1,2,1,27,0,0,16,0,4,6,40,1200,100,45
SIM_COVER_USE,15,27,0,0
SIM,15,1,2,1,28,1,0,16,0,4,6,40,300,500,39
SIM_COVER_USE,15,28,0,0
SIM,15,1,2,1,29,0,0,16,0,4,3,40,1300,500,45
SIM_COVER_USE,15,29,0,0
SIM,15,1,2,1,30,1,3,14,1,4,3,40,200,900,36
SIM_COVER_USE,15,30,0,0
SIM_END,15,1,2,1,30,1,0
SIM,16,1,2,2,1,0,0,12,0,2,40,40,1000,0,30
SIM_COVER_USE,16,1,0,0
SIM,16,1,2,2,2,1,3,10,1,2,40,40,200,600,19
SIM_COVER_USE,16,2,0,0
SIM,16,1,2,2,3,0,0,13,0,3,39,40,1200,100,45
SIM_COVER_USE,16,3,0,0
SIM,16,1,2,2,4,1,0,13,0,3,39,40,300,600,39
SIM_COVER_USE,16,4,0,0
SIM,16,1,2,2,5,0,0,13,0,3,37,40,1300,300,45
SIM_COVER_USE,16,5,0,0
SIM,16,1,2,2,6,1,3,11,1,3,37,40,200,800,34
SIM_COVER_USE,16,6,0,0
SIM,16,1,2,2,7,0,0,14,0,4,34,40,1200,300,45
SIM_COVER_USE,16,7,0,0
SIM,16,1,2,2,8,1,0,14,0,4,34,40,300,700,39
SIM_COVER_USE,16,8,0,0
SIM,16,1,2,2,9,0,0,14,0,4,31,40,1300,400,45
SIM_COVER_USE,16,9,0,0
SIM,16,1,2,2,10,1,3,13,1,3,31,40,200,900,34
SIM_COVER_USE,16,10,0,0
SIM,16,1,2,2,11,0,0,16,0,4,28,40,1200,100,45
SIM_COVER_USE,16,11,0,0
SIM,16,1,2,2,12,1,0,16,0,4,28,40,300,500,39
SIM_COVER_USE,16,12,0,0
SIM,16,1,2,2,13,0,0,16,0,4,25,40,1300,500,45
SIM_COVER_USE,16,13,0,0
SIM,16,1,2,2,14,1,3,14,1,4,25,40,200,900,36
SIM_COVER_USE,16,14,0,0
SIM,16,1,2,2,15,0,0,14,0,4,22,40,1200,300,45
SIM_COVER_USE,16,15,0,0
SIM,16,1,2,2,16,1,0,14,0,4,22,40,300,700,39
SIM_COVER_USE,16,16,0,0
SIM,16,1,2,2,17,0,0,14,0,4,19,40,1300,400,45
SIM_COVER_USE,16,17,0,0
SIM,16,1,2,2,18,1,3,13,1,3,19,40,200,900,36
SIM_COVER_USE,16,18,0,0
SIM,16,1,2,2,19,0,0,16,0,4,16,40,1200,100,45
SIM_COVER_USE,16,19,0,0
SIM,16,1,2,2,20,1,0,16,0,4,16,40,300,500,39
SIM_COVER_USE,16,20,0,0
SIM,16,1,2,2,21,0,0,16,0,4,13,40,1300,500,45
SIM_COVER_USE,16,21,0,0
SIM,16,1,2,2,22,1,3,14,1,4,13,40,200,900,36
SIM_COVER_USE,16,22,0,0
SIM,16,1,2,2,23,0,0,14,0,4,10,40,1200,300,45
SIM_COVER_USE,16,23,0,0
SIM,16,1,2,2,24,1,0,14,0,4,10,40,300,700,39
SIM_COVER_USE,16,24,0,0
SIM,16,1,2,2,25,0,0,14,0,4,7,40,1300,400,45
SIM_COVER_USE,16,25,0,0
SIM,16,1,2,2,26,1,3,13,1,3,7,40,200,900,36
SIM_COVER_USE,16,26,0,0
SIM,16,1,2,2,27,0,0,16,0,4,4,40,1200,100,45
SIM_COVER_USE,16,27,0,0
SIM,16,1,2,2,28,1,0,16,0,4,4,40,300,500,39
SIM_COVER_USE,16,28,0,0
SIM_END,16,1,2,2,28,1,0
SIM,17,0,3,0,1,0,18,0,3,0,40,40,1000,0,30
SIM_COVER_USE,17,1,0,0
SIM,17,0,3,0,2,1,21,0,4,0,40,40,200,1000,0
SIM_COVER_USE,17,2,0,0
SIM,17,0,3,0,3,0,19,3,4,1,40,40,500,200,30
SIM_COVER_USE,17,3,0,0
SIM,17,0,3,0,4,1,19,0,4,0,40,38,500,1200,11
SIM_COVER_USE,17,4,0,0
SIM,17,0,3,0,5,0,19,0,4,0,40,38,800,300,41
SIM_COVER_USE,17,5,0,0
SIM,17,0,3,0,6,1,19,0,4,0,40,35,500,1300,31
SIM_COVER_USE,17,6,0,0
SIM,17,0,3,0,7,0,17,3,4,1,40,35,800,200,45
SIM_COVER_USE,17,7,0,0
SIM,17,0,3,0,8,1,17,0,4,0,40,33,500,1200,37
SIM_COVER_USE,17,8,0,0
SIM,17,0,3,0,9,0,17,0,4,0,40,33,800,300,45
SIM_COVER_USE,17,9,0,0
SIM,17,0,3,0,10,1,17,0,4,0,40,30,500,1300,37
SIM_COVER_USE,17,10,0,0
SIM,17,0,3,0,11,0,15,3,3,1,40,30,1000,200,45
SIM_COVER_USE,17,11,0,0
SIM,17,0,3,0,12,1,18,0,4,0,40,27,200,1200,20
SIM_COVER_USE,17,12,0,0
SIM,17,0,3,0,13,0,18,0,4,0,40,27,600,300,45
SIM_COVER_USE,17,13,0,0
SIM,17,0,3,0,14,1,18,0,4,0,40,24,300,1300,33
SIM_COVER_USE,17,14,0,0
SIM,17,0,3,0,15,0,16,3,4,1,40,24,700,200,45
SIM_COVER_USE,17,15,0,0
SIM,17,0,3,0,16,1,16,0,4,0,40,21,400,1200,33
SIM_COVER_USE,17,16,1,0
SIM,17,0,3,0,17,0,16,0,4,0,40,21,800,300,45
SIM_COVER_USE,17,17,1,0
SIM,17,0,3,0,18,1,16,0,4,0,40,18,500,1300,35
SIM_COVER_USE,17,18,0,0
SIM,17,0,3,0,19,0,15,3,3,1,40,18,1000,200,45
SIM_COVER_USE,17,19,0,0
SIM,17,0,3,0,20,1,18,0,4,0,40,16,200,1200,29
SIM_COVER_USE,17,20,0,0
SIM,17,0,3,0,21,0,18,0,4,0,40,16,600,300,45
SIM_COVER_USE,17,21,0,0
SIM,17,0,3,0,22,1,18,0,4,0,40,12,300,1300,29
SIM_COVER_USE,17,22,0,0
SIM,17,0,3,0,23,0,16,3,4,1,40,12,700,500,45
SIM_COVER_USE,17,23,0,0
SIM,17,0,3,0,24,1,16,0,4,0,40,9,400,1500,35
SIM_COVER_USE,17,24,0,0
SIM,17,0,3,0,25,0,16,0,4,0,40,9,800,1500,45
SIM_COVER_USE,17,25,0,0
SIM,17,0,3,0,26,1,16,0,4,0,40,5,500,2500,35
SIM_COVER_USE,17,26,0,0
SIM,17,0,3,0,27,0,14,3,4,1,40,5,900,500,45
SIM_COVER_USE,17,27,0,0
SIM,17,0,3,0,28,1,14,0,4,0,40,2,300,1500,33
SIM_COVER_USE,17,28,0,0
SIM,17,0,3,0,29,0,14,0,4,0,40,2,700,1500,45
SIM_COVER_USE,17,29,0,0
SIM_END,17,0,3,0,29,0,0
SIM,18,0,3,1,1,0,18,0,3,0,40,40,1000,0,30
SIM_COVER_USE,18,1,0,0
SIM,18,0,3,1,2,1,21,0,4,0,40,38,200,1000,1
SIM_COVER_USE,18,2,0,0
SIM,18,0,3,1,3,0,19,3,4,1,40,38,500,200,31
SIM_COVER_USE,18,3,0,0
SIM,18,0,3,1,4,1,19,0,4,0,40,36,500,1200,3
SIM_COVER_USE,18,4,0,0
SIM,18,0,3,1,5,0,19,0,4,0,40,36,800,300,33
SIM_COVER_USE,18,5,0,0
SIM,18,0,3,1,6,1,19,0,4,0,40,33,500,1300,19
SIM_COVER_USE,18,6,0,0
SIM,18,0,3,1,7,0,18,3,3,1,40,33,900,200,45
SIM_COVER_USE,18,7,0,0
SIM,18,0,3,1,8,1,21,0,4,0,40,30,100,1200,18
SIM_COVER_USE,18,8,0,0
SIM,18,0,3,1,9,0,21,0,4,0,40,30,400,300,45
SIM_COVER_USE,18,9,0,0
SIM,18,0,3,1,10,1,21,0,4,0,40,26,400,1300,31
SIM_COVER_USE,18,10,0,0
SIM,18,0,3,1,11,0,19,3,4,1,40,26,700,500,45
SIM_COVER_USE,18,11,0,0
SIM,18,0,3,1,12,1,19,0,4,0,40,23,400,1500,35
SIM_COVER_USE,18,12,0,0
SIM,18,0,3,1,13,0,19,0,4,0,40,23,700,1500,45
SIM_COVER_USE,18,13,0,0
SIM,18,0,3,1,14,1,19,0,4,0,40,19,400,2500,35
SIM_COVER_USE,18,14,0,0
SIM,18,0,3,1,15,0,17,3,4,1,40,19,700,500,45
SIM_COVER_USE,18,15,0,0
SIM,18,0,3,1,16,1,17,0,4,0,40,16,400,1500,35
SIM_COVER_USE,18,16,0,0
SIM,18,0,3,1,17,0,17,0,4,0,40,16,700,1500,45
SIM_COVER_USE,18,17,0,0
SIM,18,0,3,1,18,1,17,0,4,0,40,12,400,2500,35
SIM_COVER_USE,18,18,0,0
SIM,18,0,3,1,19,0,15,3,3,1,40,12,900,500,45
SIM_COVER_USE,18,19,0,0
SIM,18,0,3,1,20,1,18,0,4,0,40,9,100,1500,24
SIM_COVER_USE,18,20,1,0
SIM,18,0,3,1,21,0,18,0,4,0,40,9,500,300,45
SIM_COVER_USE,18,21,1,0
SIM,18,0,3,1,22,1,18,0,4,0,40,5,500,1300,33
SIM_COVER_USE,18,22,0,0
SIM,18,0,3,1,23,0,16,3,4,1,40,5,900,500,45
SIM_COVER_USE,18,23,0,0
SIM,18,0,3,1,24,1,16,0,4,0,40,2,300,1500,33
SIM_COVER_USE,18,24,0,0
SIM,18,0,3,1,25,0,16,0,4,0,40,2,700,1500,45
SIM_COVER_USE,18,25,0,0
SIM_END,18,0,3,1,25,0,0
SIM,19,0,3,2,1,0,18,0,3,0,40,40,1000,0,30
SIM_COVER_USE,19,1,0,0
SIM,19,0,3,2,2,1,21,0,4,0,40,40,200,1000,0
SIM_COVER_USE,19,2,0,0
SIM,19,0,3,2,3,0,19,3,4,1,40,40,500,200,30
SIM_COVER_USE,19,3,0,0
SIM,19,0,3,2,4,1,19,0,4,0,40,38,500,1200,17
SIM_COVER_USE,19,4,0,0
SIM,19,0,3,2,5,0,19,0,4,0,40,38,800,300,45
SIM_COVER_USE,19,5,0,0
SIM,19,0,3,2,6,1,19,0,4,0,40,34,500,1300,23
SIM_COVER_USE,19,6,0,0
SIM,19,0,3,2,7,0,17,3,4,1,40,34,800,500,45
SIM_COVER_USE,19,7,0,0
SIM,19,0,3,2,8,1,17,0,4,0,40,31,500,1500,35
SIM_COVER_USE,19,8,0,0
SIM,19,0,3,2,9,0,17,0,4,0,40,31,800,1500,45
SIM_COVER_USE,19,9,0,0
SIM,19,0,3,2,10,1,17,0,4,0,40,27,500,2500,35
SIM_COVER_USE,19,10,0,0
SIM,19,0,3,2,11,0,15,3,4,1,40,27,800,500,45
SIM_COVER_USE,19,11,0,0
SIM,19,0,3,2,12,1,15,0,4,0,40,24,500,1500,35
SIM_COVER_USE,19,12,0,0
SIM,19,0,3,2,13,0,15,0,4,0,40,24,800,1500,45
SIM_COVER_USE,19,13,0,0
SIM,19,0,3,2,14,1,15,0,4,0,40,20,500,2500,35
SIM_COVER_USE,19,14,0,0
SIM,19,0,3,2,15,0,13,3,3,1,40,20,1000,500,45
SIM_COVER_USE,19,15,0,0
SIM,19,0,3,2,16,1,16,0,4,0,40,17,200,1500,20
SIM_COVER_USE,19,16,0,0
SIM,19,0,3,2,17,0,16,0,4,0,40,17,600,300,45
SIM_COVER_USE,19,17,0,0
SIM,19,0,3,2,18,1,16,0,4,0,40,13,300,1300,31
SIM_COVER_USE,19,18,0,0
SIM,19,0,3,2,19,0,14,3,4,1,40,13,700,500,45
SIM_COVER_USE,19,19,0,0
SIM,19,0,3,2,20,1,14,0,4,0,40,10,400,1500,31
SIM_COVER_USE,19,20,0,0
SIM,19,0,3,2,21,0,14,0,4,0,40,10,800,300,45
SIM_COVER_USE,19,21,0,0
SIM,19,0,3,2,22,1,14,0,4,0,40,6,500,1300,31
SIM_COVER_USE,19,22,0,0
SIM,19,0,3,2,23,0,13,3,3,1,40,6,1000,500,45
SIM_COVER_USE,19,23,0,0
SIM,19,0,3,2,24,1,16,0,4,0,40,3,200,1500,20
SIM_COVER_USE,19,24,0,0
SIM,19,0,3,2,25,0,16,0,4,0,40,3,600,300,45
SIM_COVER_USE,19,25,0,0
SIM_END,19,0,3,2,25,0,0
SIM,20,1,3,0,1,0,0,18,0,3,40,40,1000,0,30
SIM_COVER_USE,20,1,0,0
SIM,20,1,3,0,2,1,3,16,1,3,40,40,200,400,19
SIM_COVER_USE,20,2,1,0
SIM,20,1,3,0,3,0,0,19,0,4,39,40,1200,200,45
SIM_COVER_USE,20,3,0,1
SIM,20,1,3,0,4,1,0,19,0,4,39,40,300,500,39
SIM_COVER_USE,20,4,0,1
SIM,20,1,3,0,5,0,0,19,0,4,37,40,1300,500,45
SIM_COVER_USE,20,5,0,0
SIM,20,1,3,0,6,1,3,17,1,4,37,40,200,800,36
SIM_COVER_USE,20,6,0,0
SIM,20,1,3,0,7,0,0,17,0,4,34,40,1200,500,45
SIM_COVER_USE,20,7,0,1
SIM,20,1,3,0,8,1,0,17,0,4,34,40,300,800,39
SIM_COVER_USE,20,8,0,1
SIM,20,1,3,0,9,0,0,17,0,4,31,40,1300,500,45
SIM_COVER_USE,20,9,0,0
SIM,20,1,3,0,10,1,3,16,1,3,31,40,200,900,36
SIM_COVER_USE,20,10,0,0
SIM,20,1,3,0,11,0,0,19,0,4,28,40,1200,100,45
SIM_COVER_USE,20,11,0,1
SIM,20,1,3,0,12,1,0,19,0,4,28,40,300,400,39
SIM_COVER_USE,20,12,0,1
SIM,20,1,3,0,13,0,0,19,0,4,25,40,1300,400,45
SIM_COVER_USE,20,13,0,0
SIM,20,1,3,0,14,1,3,17,1,4,25,40,200,700,36
SIM_COVER_USE,20,14,0,0
SIM,20,1,3,0,15,0,0,17,0,4,22,40,1200,400,45
SIM_COVER_USE,20,15,0,1
SIM,20,1,3,0,16,1,0,17,0,4,22,40,300,700,39
SIM_COVER_USE,20,16,0,1
SIM,20,1,3,0,17,0,0,17,0,4,19,40,1300,400,45
SIM_COVER_USE,20,17,0,0
SIM,20,1,3,0,18,1,3,16,1,3,19,40,200,800,36
SIM_COVER_USE,20,18,0,0
SIM,20,1,3,0,19,0,0,19,0,4,16,40,1200,300,45
SIM_COVER_USE,20,19,0,1
SIM,20,1,3,0,20,1,0,19,0,4,16,40,300,600,39
SIM_COVER_USE,20,20,0,1
SIM,20,1,3,0,21,0,0,19,0,4,13,40,1300,300,45
SIM_COVER_USE,20,21,0,0
SIM,20,1,3,0,22,1,3,17,1,4,13,40,200,600,36
SIM_COVER_USE,20,22,0,0
SIM,20,1,3,0,23,0,0,17,0,4,10,40,1200,300,45
SIM_COVER_USE,20,23,0,1
SIM,20,1,3,0,24,1,0,17,0,4,10,40,300,600,39
SIM_COVER_USE,20,24,0,1
SIM,20,1,3,0,25,0,0,17,0,4,7,40,1300,300,45
SIM_COVER_USE,20,25,0,0
SIM,20,1,3,0,26,1,3,16,1,3,7,40,200,700,36
SIM_COVER_USE,20,26,0,0
SIM,20,1,3,0,27,0,0,19,0,4,4,40,1200,200,45
SIM_COVER_USE,20,27,0,1
SIM,20,1,3,0,28,1,0,19,0,4,4,40,300,500,39
SIM_COVER_USE,20,28,0,1
SIM_END,20,1,3,0,28,1,0
SIM,21,1,3,1,1,0,0,18,0,3,40,40,1000,0,30
SIM_COVER_USE,21,1,0,0
SIM,21,1,3,1,2,1,3,16,1,3,40,40,200,400,19
SIM_COVER_USE,21,2,0,0
SIM,21,1,3,1,3,0,0,19,0,4,39,40,1200,200,45
SIM_COVER_USE,21,3,0,0
SIM,21,1,3,1,4,1,0,19,0,4,39,40,300,500,39
SIM_COVER_USE,21,4,0,0
SIM,21,1,3,1,5,0,0,19,0,4,37,40,1300,500,45
SIM_COVER_USE,21,5,0,0
SIM,21,1,3,1,6,1,3,17,1,4,37,40,200,800,36
SIM_COVER_USE,21,6,0,0
SIM,21,1,3,1,7,0,0,17,0,4,34,40,1200,500,45
SIM_COVER_USE,21,7,0,0
SIM,21,1,3,1,8,1,0,17,0,4,34,40,1200,800,45
SIM_COVER_USE,21,8,0,0
SIM,21,1,3,1,9,0,0,17,0,4,30,40,2200,500,45
SIM_COVER_USE,21,9,0,0
SIM,21,1,3,1,10,1,3,15,1,4,30,40,500,800,32
SIM_COVER_USE,21,10,0,0
SIM,21,1,3,1,11,0,0,15,0,4,27,40,1500,500,45
SIM_COVER_USE,21,11,0,0
SIM,21,1,3,1,12,1,0,15,0,4,27,40,1500,800,45
SIM_COVER_USE,21,12,0,0
SIM,21,1,3,1,13,0,0,15,0,4,23,40,2500,500,45
SIM_COVER_USE,21,13,0,0
SIM,21,1,3,1,14,1,3,13,1,3,23,40,500,1000,30
SIM_COVER_USE,21,14,0,0
SIM,21,1,3,1,15,0,0,16,0,4,20,40,1500,200,45
SIM_COVER_USE,21,15,0,0
SIM,21,1,3,1,16,1,0,16,0,4,20,40,300,600,37
SIM_COVER_USE,21,16,0,0
SIM,21,1,3,1,17,0,0,16,0,4,17,40,1300,300,45
SIM_COVER_USE,21,17,0,0
SIM,21,1,3,1,18,1,3,14,1,4,17,40,200,700,36
SIM_COVER_USE,21,18,0,0
SIM,21,1,3,1,19,0,0,14,0,4,14,40,1200,400,45
SIM_COVER_USE,21,19,0,0
SIM,21,1,3,1,20,1,0,14,0,4,14,40,300,800,39
SIM_COVER_USE,21,20,0,0
SIM,21,1,3,1,21,0,0,14,0,4,10,40,1300,500,45
SIM_COVER_USE,21,21,0,0
SIM,21,1,3,1,22,1,3,13,1,3,10,40,500,1000,38
SIM_COVER_USE,21,22,0,0
SIM,21,1,3,1,23,0,0,16,0,4,7,40,1500,200,45
SIM_COVER_USE,21,23,0,0
SIM,21,1,3,1,24,1,0,16,0,4,7,40,300,600,37
SIM_COVER_USE,21,24,0,0
SIM,21,1,3,1,25,0,0,16,0,4,4,40,1300,300,45
SIM_COVER_USE,21,25,0,0
SIM,21,1,3,1,26,1,3,14,1,4,4,40,200,700,36
SIM_COVER_USE,21,26,0,0
SIM,21,1,3,1,27,0,0,14,0,4,1,40,1200,400,45
SIM_COVER_USE,21,27,0,0
SIM,21,1,3,1,28,1,0,14,0,4,1,40,300,800,39
SIM_COVER_USE,21,28,0,0
SIM_END,21,1,3,1,28,1,0
SIM,22,1,3,2,1,0,0,18,0,3,40,40,1000,0,30
SIM_COVER_USE,22,1,0,0
SIM,22,1,3,2,2,1,3,16,1,3,40,40,200,400,19
SIM_COVER_USE,22,2,0,0
SIM,22,1,3,2,3,0,0,19,0,4,39,40,1200,200,45
SIM_COVER_USE,22,3,0,0
SIM,22,1,3,2,4,1,0,19,0,4,39,40,300,500,39
SIM_COVER_USE,22,4,0,0
SIM,22,1,3,2,5,0,0,19,0,4,35,40,1300,500,45
SIM_COVER_USE,22,5,0,0
SIM,22,1,3,2,6,1,3,17,1,4,35,40,200,800,36
SIM_COVER_USE,22,6,0,0
SIM,22,1,3,2,7,0,0,17,0,4,32,40,1200,500,45
SIM_COVER_USE,22,7,0,0
SIM,22,1,3,2,8,1,0,17,0,4,32,40,300,800,39
SIM_COVER_USE,22,8,0,0
SIM,22,1,3,2,9,0,0,17,0,4,29,40,1300,500,45
SIM_COVER_USE,22,9,0,0
SIM,22,1,3,2,10,1,3,16,1,3,29,40,200,900,36
SIM_COVER_USE,22,10,0,0
SIM,22,1,3,2,11,0,0,19,0,4,26,40,1200,100,45
SIM_COVER_USE,22,11,0,0
SIM,22,1,3,2,12,1,0,19,0,4,26,40,300,400,39
SIM_COVER_USE,22,12,0,0
SIM,22,1,3,2,13,0,0,19,0,4,23,40,1300,400,45
SIM_COVER_USE,22,13,0,0
SIM,22,1,3,2,14,1,3,17,1,4,23,40,200,700,36
SIM_COVER_USE,22,14,0,0
SIM,22,1,3,2,15,0,0,17,0,4,20,40,1200,400,45
SIM_COVER_USE,22,15,0,0
SIM,22,1,3,2,16,1,0,17,0,4,20,40,300,700,39
SIM_COVER_USE,22,16,0,0
SIM,22,1,3,2,17,0,0,17,0,4,17,40,1300,400,45
SIM_COVER_USE,22,17,0,0
SIM,22,1,3,2,18,1,3,16,1,3,17,40,200,800,36
SIM_COVER_USE,22,18,0,0
SIM,22,1,3,2,19,0,0,19,0,4,14,40,1200,300,45
SIM_COVER_USE,22,19,0,0
SIM,22,1,3,2,20,1,0,19,0,4,14,40,300,600,39
SIM_COVER_USE,22,20,0,0
SIM,22,1,3,2,21,0,0,19,0,4,11,40,1300,300,45
SIM_COVER_USE,22,21,0,0
SIM,22,1,3,2,22,1,3,17,1,4,11,40,200,600,36
SIM_COVER_USE,22,22,0,0
SIM,22,1,3,2,23,0,0,17,0,4,8,40,1200,300,45
SIM_COVER_USE,22,23,0,0
SIM,22,1,3,2,24,1,0,17,0,4,8,40,300,600,39
SIM_COVER_USE,22,24,0,0
SIM,22,1,3,2,25,0,0,17,0,4,5,40,1300,300,45
SIM_COVER_USE,22,25,0,0
SIM,22,1,3,2,26,1,3,16,1,3,5,40,200,700,36
SIM_COVER_USE,22,26,0,0
SIM,22,1,3,2,27,0,0,19,0,4,2,40,1200,200,45
SIM_COVER_USE,22,27,0,0
SIM,22,1,3,2,28,1,0,19,0,4,2,40,300,500,39
SIM_COVER_USE,22,28,0,0
SIM_END,22,1,3,2,28,1,0
SIM_DONE
