SIM_END,1,0,0,0,80,1,0
SIM_END,2,0,0,1,80,0,0
SIM_END,3,0,0,2,80,0,0
SIM_END,4,0,0,3,80,0,0
SIM_END,1,0,0,0,76,0,0
SIM_END,2,0,0,1,80,1,0
SIM_END,3,0,0,2,80,1,0
SIM_END,4,0,0,3,80,1,0
SIM_END,1,0,1,0,31,0,0
SIM_END,2,0,1,1,31,0,0
SIM_END,3,0,1,2,31,0,0
SIM_END,4,0,1,3,31,0,0
SIM_END,5,0,1,4,31,0,0
SIM_END,6,0,1,5,80,0,0
SIM_END,7,0,1,6,31,0,0
SIM_END,8,1,1,0,55,0,0
SIM_END,9,1,1,1,55,0,0
SIM_END,10,1,1,2,30,1,0
SIM_END,11,1,1,3,34,1,0
SIM_END,12,1,1,4,30,1,0
SIM_END,13,1,1,5,30,1,0
SIM_END,14,1,1,6,30,1,0
SIM_END,1,0,1,0,80,0,0
SIM_END,2,0,1,1,80,0,0
SIM_END,3,0,1,2,30,0,0
SIM_END,4,0,1,3,34,0,0
SIM_END,5,0,1,4,34,0,0
SIM_END,6,0,1,5,30,0,0
SIM_END,7,0,1,6,30,0,0
SIM_END,8,1,1,0,31,1,0
SIM_END,9,1,1,1,31,1,0
SIM_END,10,1,1,2,31,1,0
SIM_END,11,1,1,3,31,1,0
SIM_END,12,1,1,4,31,1,0
SIM_END,13,1,1,5,52,0,0
SIM_END,14,1,1,6,31,1,0
