SIM_END,1,0,0,0,80,1,0
SIM_END,2,0,0,1,80,1,0
SIM_END,3,0,0,2,80,1,0
SIM_END,4,0,0,3,80,1,0
SIM_END,1,0,0,0,80,0,0
SIM_END,2,0,0,1,80,0,0
SIM_END,3,0,0,2,80,0,0
SIM_END,4,0,0,3,80,0,0
SIM_END,1,0,1,0,33,0,0
SIM_END,2,0,1,1,33,0,0
SIM_END,3,0,1,2,33,0,0
SIM_END,4,0,1,3,33,0,0
SIM_END,5,0,1,4,33,0,0
SIM_END,6,0,1,5,33,0,0
SIM_END,7,0,1,6,33,0,0
SIM_END,8,1,1,0,32,1,0
SIM_END,9,1,1,1,32,1,0
SIM_END,10,1,1,2,32,1,0
SIM_END,11,1,1,3,34,1,0
SIM_END,12,1,1,4,34,1,0
SIM_END,13,1,1,5,32,1,0
SIM_END,14,1,1,6,32,1,0
SIM_END,1,0,1,0,32,0,0
SIM_END,2,0,1,1,32,0,0
SIM_END,3,0,1,2,32,0,0
SIM_END,4,0,1,3,34,0,0
SIM_END,5,0,1,4,34,0,0
SIM_END,6,0,1,5,32,0,0
SIM_END,7,0,1,6,32,0,0
SIM_END,8,1,1,0,33,1,0
SIM_END,9,1,1,1,33,1,0
SIM_END,10,1,1,2,33,1,0
SIM_END,11,1,1,3,33,1,0
SIM_END,12,1,1,4,33,1,0
SIM_END,13,1,1,5,33,1,0
SIM_END,14,1,1,6,33,1,0
