SIM,1,0,0,0,1,0,0,0,0,0,40,40,1000,0,30
SIM,1,0,0,0,2,1,3,0,1,0,40,39,200,1000,19
SIM,1,0,0,0,3,0,1,3,1,1,40,39,1100,200,45
SIM,1,0,0,0,4,1,1,3,1,1,40,38,500,1100,39
SIM,1,0,0,0,5,0,0,3,0,1,40,38,1500,500,45
SIM,1,0,0,0,6,1,3,1,1,1,40,38,100,1400,30
SIM,1,0,0,0,7,0,0,4,0,2,40,38,1100,300,45
SIM,1,0,0,0,8,1,0,4,0,2,40,38,500,1100,41
SIM,1,0,0,0,9,0,0,4,0,2,40,38,1500,500,45
SIM,1,0,0,0,10,1,3,3,1,1,40,38,100,1400,26
SIM,1,0,0,0,11,0,0,6,0,2,40,38,1100,300,45
SIM,1,0,0,0,12,1,0,6,0,2,40,38,500,1100,41
SIM,1,0,0,0,13,0,0,6,0,2,40,38,1500,500,45
SIM,1,0,0,0,14,1,3,4,1,2,40,38,100,1300,30
SIM,1,0,0,0,15,0,0,7,0,3,39,38,1100,200,45
SIM,1,0,0,0,16,1,0,7,0,3,39,38,500,900,41
SIM,1,0,0,0,17,0,0,7,0,3,38,38,1500,300,45
SIM,1,0,0,0,18,1,3,6,1,2,38,38,100,1100,30
SIM,1,0,0,0,19,0,1,9,1,3,36,38,1000,300,45
SIM,1,0,0,0,20,1,1,7,1,3,36,38,400,1000,39
SIM,1,0,0,0,21,0,0,7,0,3,34,38,1400,400,45
SIM,1,0,0,0,22,1,3,6,1,2,34,38,300,1200,32
SIM,1,0,0,0,23,0,1,9,1,3,32,38,1200,100,45
SIM,1,0,0,0,24,1,1,7,1,3,32,38,300,800,37
SIM,1,0,0,0,25,0,0,7,0,3,30,38,1300,500,45
SIM,1,0,0,0,26,1,3,6,1,2,30,38,200,1300,32
SIM,1,0,0,0,27,0,1,9,1,3,28,38,1100,200,45
SIM,1,0,0,0,28,1,1,7,1,3,28,38,500,900,39
SIM,1,0,0,0,29,0,0,7,0,3,26,38,1500,300,45
SIM,1,0,0,0,30,1,3,6,1,2,26,38,100,1100,30
SIM,1,0,0,0,31,0,1,9,1,3,24,38,1000,300,45
SIM,1,0,0,0,32,1,1,7,1,3,24,38,400,1000,39
SIM,1,0,0,0,33,0,0,7,0,3,22,38,1400,400,45
SIM,1,0,0,0,34,1,3,6,1,2,22,38,300,1200,32
SIM,1,0,0,0,35,0,1,9,1,3,20,38,1200,100,45
SIM,1,0,0,0,36,1,1,7,1,3,20,38,300,800,37
SIM,1,0,0,0,37,0,0,7,0,3,18,38,1300,500,45
SIM,1,0,0,0,38,1,3,6,1,2,18,38,200,1300,32
SIM,1,0,0,0,39,0,1,9,1,3,16,38,1100,200,45
SIM,1,0,0,0,40,1,1,7,1,3,16,38,500,900,39
SIM,1,0,0,0,41,0,0,7,0,3,14,38,1500,300,45
SIM,1,0,0,0,42,1,3,6,1,2,14,38,100,1100,30
SIM,1,0,0,0,43,0,1,9,1,3,12,38,1000,300,45
SIM,1,0,0,0,44,1,1,7,1,3,12,38,400,1000,39
SIM,1,0,0,0,45,0,0,7,0,3,10,38,1400,400,45
SIM,1,0,0,0,46,1,3,6,1,2,10,38,300,1200,32
SIM,1,0,0,0,47,0,1,9,1,3,8,38,1200,100,45
SIM,1,0,0,0,48,1,1,7,1,3,8,38,300,800,37
SIM,1,0,0,0,49,0,0,7,0,3,6,38,1300,500,45
SIM,1,0,0,0,50,1,3,6,1,2,6,38,200,1300,32
SIM,1,0,0,0,51,0,1,9,1,3,4,38,1100,200,45
SIM,1,0,0,0,52,1,1,7,1,3,4,38,500,900,39
SIM,1,0,0,0,53,0,0,7,0,3,2,38,1500,300,45
SIM,1,0,0,0,54,1,3,6,1,2,2,38,100,1100,30
SIM_END,1,0,0,0,54,1,0
SIM,2,0,0,1,1,1,6,6,1,1,40,40,0,1000,0
SIM,2,0,0,1,2,0,1,9,1,2,40,40,800,200,30
SIM,2,0,0,1,3,1,4,4,2,1,40,40,300,1000,19
SIM,2,0,0,1,4,0,1,4,1,1,40,40,1100,400,45
SIM,2,0,0,1,5,1,1,1,1,1,40,40,500,1200,39
SIM,2,0,0,1,6,0,0,4,0,2,39,40,1500,100,45
SIM,2,0,0,1,7,1,3,3,1,1,39,40,100,1000,30
SIM,2,0,0,1,8,0,3,3,1,1,38,40,1000,400,45
SIM,2,0,0,1,9,1,3,3,1,1,38,39,400,1300,35
SIM,2,0,0,1,10,0,1,6,1,2,37,39,1300,200,45
SIM,2,0,0,1,11,1,4,4,2,2,37,38,200,1000,32
SIM,2,0,0,1,12,0,3,4,1,2,36,38,1100,400,45
SIM,2,0,0,1,13,1,3,3,1,1,36,38,500,1300,39
SIM,2,0,0,1,14,0,0,6,0,2,36,38,1500,200,45
SIM,2,0,0,1,15,1,3,4,1,2,36,38,100,1000,34
SIM,2,0,0,1,16,0,0,4,0,2,36,38,1100,400,45
SIM,2,0,0,1,17,1,0,4,0,2,36,38,500,1200,41
SIM,2,0,0,1,18,0,0,7,0,3,33,38,1500,100,45
SIM,2,0,0,1,19,1,3,6,1,2,33,38,100,900,32
SIM,2,0,0,1,20,0,3,6,1,2,31,38,1000,300,45
SIM,2,0,0,1,21,1,3,4,1,2,31,38,400,1100,39
SIM,2,0,0,1,22,0,1,7,1,3,29,38,1300,300,45
SIM,2,0,0,1,23,1,4,4,2,2,29,38,200,1100,32
SIM,2,0,0,1,24,0,3,4,1,2,28,38,1100,500,45
SIM,2,0,0,1,25,1,3,3,1,1,28,38,500,1400,39
SIM,2,0,0,1,26,0,1,6,1,2,27,38,1400,300,45
SIM,2,0,0,1,27,1,4,3,2,1,27,38,300,1200,30
SIM,2,0,0,1,28,0,3,3,1,1,27,38,1200,300,45
SIM,2,0,0,1,29,1,3,1,1,1,27,38,300,1200,35
SIM,2,0,0,1,30,0,0,4,0,2,27,38,1300,100,45
SIM,2,0,0,1,31,1,3,3,1,1,27,38,200,1000,36
SIM,2,0,0,1,32,0,1,3,1,1,27,38,1100,400,45
SIM,2,0,0,1,33,1,1,1,1,1,27,38,500,1300,39
SIM,2,0,0,1,34,0,0,4,0,2,26,38,1500,200,45
SIM,2,0,0,1,35,1,3,3,1,1,26,38,100,1100,34
SIM,2,0,0,1,36,0,3,3,1,1,25,38,1000,500,45
SIM,2,0,0,1,37,1,3,1,1,1,25,38,400,1400,37
SIM,2,0,0,1,38,0,1,4,1,2,24,38,1300,300,45
SIM,2,0,0,1,39,1,4,1,2,1,24,38,200,1200,32
SIM,2,0,0,1,40,0,3,1,1,1,24,38,1100,300,45
SIM,2,0,0,1,41,1,3,0,1,0,24,38,500,1300,39
SIM,2,0,0,1,42,0,1,3,1,1,24,38,1400,200,45
SIM,2,0,0,1,43,1,4,0,2,0,24,38,300,1200,30
SIM,2,0,0,1,44,0,4,0,2,0,24,38,1100,300,45
SIM,2,0,0,1,45,1,4,0,2,0,24,38,500,1300,41
SIM,2,0,0,1,46,0,3,3,1,1,24,38,1400,200,45
SIM,2,0,0,1,47,1,6,0,2,0,24,38,300,1200,32
SIM,2,0,0,1,48,0,6,0,2,0,24,38,1100,300,45
SIM,2,0,0,1,49,1,6,0,2,0,24,38,500,1300,41
SIM,2,0,0,1,50,0,4,3,2,1,24,38,1300,200,45
SIM,2,0,0,1,51,1,7,0,3,0,24,37,200,1200,26
SIM,2,0,0,1,52,0,7,0,3,0,24,37,900,300,45
SIM,2,0,0,1,53,1,7,0,3,0,24,35,300,1300,33
SIM,2,0,0,1,54,0,6,3,2,1,24,35,1100,200,45
SIM,2,0,0,1,55,1,9,1,3,1,24,33,300,1100,30
SIM,2,0,0,1,56,0,7,1,3,1,24,33,1000,500,45
SIM,2,0,0,1,57,1,7,0,3,0,24,31,400,1500,35
SIM,2,0,0,1,58,0,6,3,2,1,24,31,1200,100,45
SIM,2,0,0,1,59,1,9,1,3,1,24,29,100,1000,28
SIM,2,0,0,1,60,0,7,1,3,1,24,29,800,400,45
SIM_END,2,0,0,1,60,1,0
SIM,3,0,0,2,1,0,6,6,1,1,40,40,1000,0,30
SIM,3,0,0,2,2,1,9,1,2,1,40,40,200,800,15
SIM,3,0,0,2,3,0,4,4,1,2,40,40,1000,300,45
SIM,3,0,0,2,4,1,4,1,1,1,40,40,400,1100,39
SIM,3,0,0,2,5,0,1,1,1,1,40,40,1200,500,45
SIM,3,0,0,2,6,1,4,0,2,0,40,39,100,1500,30
SIM,3,0,0,2,7,0,3,3,1,1,40,39,1000,100,45
SIM,3,0,0,2,8,1,3,3,1,1,40,38,400,1000,39
SIM,3,0,0,2,9,0,1,3,1,1,40,38,1300,400,45
SIM,3,0,0,2,10,1,4,1,2,1,40,37,200,1300,30
SIM,3,0,0,2,11,0,1,4,1,2,40,37,1100,200,45
SIM,3,0,0,2,12,1,1,3,1,1,40,37,500,1100,39
SIM,3,0,0,2,13,0,0,3,0,1,40,37,1500,500,45
SIM,3,0,0,2,14,1,3,1,1,1,40,37,100,1400,30
SIM,3,0,0,2,15,0,0,4,0,2,40,37,1100,300,45
SIM,3,0,0,2,16,1,0,4,0,2,40,37,500,1100,41
SIM,3,0,0,2,17,0,0,4,0,2,40,37,1500,500,45
SIM,3,0,0,2,18,1,3,3,1,1,40,37,100,1400,26
SIM,3,0,0,2,19,0,0,6,0,2,40,37,1100,300,45
SIM,3,0,0,2,20,1,0,6,0,2,40,37,500,1100,41
SIM,3,0,0,2,21,0,0,6,0,2,40,37,1500,500,45
SIM,3,0,0,2,22,1,3,4,1,2,40,37,100,1300,30
SIM,3,0,0,2,23,0,0,7,0,3,39,37,1100,200,45
SIM,3,0,0,2,24,1,0,7,0,3,39,37,500,900,41
SIM,3,0,0,2,25,0,0,7,0,3,38,37,1500,300,45
SIM,3,0,0,2,26,1,3,6,1,2,38,37,100,1100,30
SIM,3,0,0,2,27,0,1,9,1,3,36,37,1000,300,45
SIM,3,0,0,2,28,1,1,7,1,3,36,37,400,1000,39
SIM,3,0,0,2,29,0,0,7,0,3,34,37,1400,400,45
SIM,3,0,0,2,30,1,3,6,1,2,34,37,300,1200,32
SIM,3,0,0,2,31,0,1,9,1,3,32,37,1200,100,45
SIM,3,0,0,2,32,1,1,7,1,3,32,37,300,800,37
SIM,3,0,0,2,33,0,0,7,0,3,30,37,1300,500,45
SIM,3,0,0,2,34,1,3,6,1,2,30,37,200,1300,32
SIM,3,0,0,2,35,0,1,9,1,3,28,37,1100,200,45
SIM,3,0,0,2,36,1,1,7,1,3,28,37,500,900,39
SIM,3,0,0,2,37,0,0,7,0,3,26,37,1500,300,45
SIM,3,0,0,2,38,1,3,6,1,2,26,37,100,1100,30
SIM,3,0,0,2,39,0,1,9,1,3,24,37,1000,300,45
SIM,3,0,0,2,40,1,1,7,1,3,24,37,400,1000,39
SIM,3,0,0,2,41,0,0,7,0,3,22,37,1400,400,45
SIM,3,0,0,2,42,1,3,6,1,2,22,37,300,1200,32
SIM,3,0,0,2,43,0,1,9,1,3,20,37,1200,100,45
SIM,3,0,0,2,44,1,1,7,1,3,20,37,300,800,37
SIM,3,0,0,2,45,0,0,7,0,3,18,37,1300,500,45
SIM,3,0,0,2,46,1,3,6,1,2,18,37,200,1300,32
SIM,3,0,0,2,47,0,1,9,1,3,16,37,1100,200,45
SIM,3,0,0,2,48,1,1,7,1,3,16,37,500,900,39
SIM,3,0,0,2,49,0,0,7,0,3,14,37,1500,300,45
SIM,3,0,0,2,50,1,3,6,1,2,14,37,100,1100,30
SIM,3,0,0,2,51,0,1,9,1,3,12,37,1000,300,45
SIM,3,0,0,2,52,1,1,7,1,3,12,37,400,1000,39
SIM,3,0,0,2,53,0,0,7,0,3,10,37,1400,400,45
SIM,3,0,0,2,54,1,3,6,1,2,10,37,300,1200,32
SIM,3,0,0,2,55,0,1,9,1,3,8,37,1200,100,45
SIM,3,0,0,2,56,1,1,7,1,3,8,37,300,800,37
SIM,3,0,0,2,57,0,0,7,0,3,6,37,1300,500,45
SIM,3,0,0,2,58,1,3,6,1,2,6,37,200,1300,32
SIM,3,0,0,2,59,0,1,9,1,3,4,37,1100,200,45
SIM,3,0,0,2,60,1,1,7,1,3,4,37,500,900,39
SIM_END,3,0,0,2,60,1,0
SIM,4,0,0,3,1,1,6,6,1,1,40,40,0,1000,0
SIM,4,0,0,3,2,0,3,9,1,2,40,40,800,200,30
SIM,4,0,0,3,3,1,6,4,2,1,40,40,300,1000,13
SIM,4,0,0,3,4,0,3,4,1,1,40,40,1100,400,43
SIM,4,0,0,3,5,1,3,1,1,1,40,40,500,1200,35
SIM,4,0,0,3,6,0,0,4,0,2,39,40,1500,100,45
SIM,4,0,0,3,7,1,3,3,1,1,39,40,100,1000,28
SIM,4,0,0,3,8,0,3,3,1,1,38,40,1000,400,45
SIM,4,0,0,3,9,1,3,3,1,1,38,39,400,1300,36
SIM,4,0,0,3,10,0,1,6,1,2,37,39,1300,200,45
SIM,4,0,0,3,11,1,4,4,2,2,37,38,200,1000,32
SIM,4,0,0,3,12,0,3,4,1,2,36,38,1100,400,45
SIM,4,0,0,3,13,1,3,3,1,1,36,38,500,1300,39
SIM,4,0,0,3,14,0,0,6,0,2,36,38,1500,200,45
SIM,4,0,0,3,15,1,3,4,1,2,36,38,100,1000,34
SIM,4,0,0,3,16,0,0,4,0,2,36,38,1100,400,45
SIM,4,0,0,3,17,1,0,4,0,2,36,38,500,1200,41
SIM,4,0,0,3,18,0,0,7,0,3,33,38,1500,100,45
SIM,4,0,0,3,19,1,3,6,1,2,33,38,100,900,32
SIM,4,0,0,3,20,0,3,6,1,2,31,38,1000,300,45
SIM,4,0,0,3,21,1,3,4,1,2,31,38,400,1100,39
SIM,4,0,0,3,22,0,1,7,1,3,29,38,1300,300,45
SIM,4,0,0,3,23,1,4,4,2,2,29,38,200,1100,32
SIM,4,0,0,3,24,0,3,4,1,2,28,38,1100,500,45
SIM,4,0,0,3,25,1,3,3,1,1,28,38,500,1400,39
SIM,4,0,0,3,26,0,1,6,1,2,27,38,1400,300,45
SIM,4,0,0,3,27,1,4,3,2,1,27,38,300,1200,30
SIM,4,0,0,3,28,0,3,3,1,1,27,38,1200,300,45
SIM,4,0,0,3,29,1,3,1,1,1,27,38,300,1200,35
SIM,4,0,0,3,30,0,0,4,0,2,27,38,1300,100,45
SIM,4,0,0,3,31,1,3,3,1,1,27,38,200,1000,36
SIM,4,0,0,3,32,0,1,3,1,1,27,38,1100,400,45
SIM,4,0,0,3,33,1,1,1,1,1,27,38,500,1300,39
SIM,4,0,0,3,34,0,0,4,0,2,26,38,1500,200,45
SIM,4,0,0,3,35,1,3,3,1,1,26,38,100,1100,34
SIM,4,0,0,3,36,0,3,3,1,1,25,38,1000,500,45
SIM,4,0,0,3,37,1,3,1,1,1,25,38,400,1400,37
SIM,4,0,0,3,38,0,1,4,1,2,24,38,1300,300,45
SIM,4,0,0,3,39,1,4,1,2,1,24,38,200,1200,32
SIM,4,0,0,3,40,0,3,1,1,1,24,38,1100,300,45
SIM,4,0,0,3,41,1,3,0,1,0,24,38,500,1300,39
SIM,4,0,0,3,42,0,1,3,1,1,24,38,1400,200,45
SIM,4,0,0,3,43,1,4,0,2,0,24,38,300,1200,30
SIM,4,0,0,3,44,0,4,0,2,0,24,38,1100,300,45
SIM,4,0,0,3,45,1,4,0,2,0,24,38,500,1300,41
SIM,4,0,0,3,46,0,3,3,1,1,24,38,1400,200,45
SIM,4,0,0,3,47,1,6,0,2,0,24,38,300,1200,32
SIM,4,0,0,3,48,0,6,0,2,0,24,38,1100,300,45
SIM,4,0,0,3,49,1,6,0,2,0,24,38,500,1300,41
SIM,4,0,0,3,50,0,4,3,2,1,24,38,1300,200,45
SIM,4,0,0,3,51,1,7,0,3,0,24,37,200,1200,26
SIM,4,0,0,3,52,0,7,0,3,0,24,37,900,300,45
SIM,4,0,0,3,53,1,7,0,3,0,24,35,300,1300,33
SIM,4,0,0,3,54,0,6,3,2,1,24,35,1100,200,45
SIM,4,0,0,3,55,1,9,1,3,1,24,33,300,1100,30
SIM,4,0,0,3,56,0,7,1,3,1,24,33,1000,500,45
SIM,4,0,0,3,57,1,7,0,3,0,24,31,400,1500,35
SIM,4,0,0,3,58,0,6,3,2,1,24,31,1200,100,45
SIM,4,0,0,3,59,1,9,1,3,1,24,29,100,1000,28
SIM,4,0,0,3,60,0,7,1,3,1,24,29,800,400,45
SIM_END,4,0,0,3,60,1,0
SIM,5,0,1,0,1,0,6,0,1,0,40,40,1000,0,30
SIM,5,0,1,0,2,1,9,0,2,0,40,39,200,1000,19
SIM,5,0,1,0,3,0,7,3,2,1,40,39,900,200,45
SIM,5,0,1,0,4,1,7,0,2,0,40,38,300,1200,31
SIM,5,0,1,0,5,0,7,0,2,0,40,38,1000,300,45
SIM,5,0,1,0,6,1,10,0,3,0,40,36,200,1300,27
SIM,5,0,1,0,7,0,9,3,2,1,40,36,900,200,45
SIM,5,0,1,0,8,1,9,0,2,0,40,35,300,1200,36
SIM,5,0,1,0,9,0,9,0,2,0,40,35,1000,300,45
SIM,5,0,1,0,10,1,12,0,3,0,40,33,200,1300,33
SIM,5,0,1,0,11,0,10,3,3,1,40,33,800,200,45
SIM,5,0,1,0,12,1,10,0,3,0,40,31,500,1200,34
SIM,5,0,1,0,13,0,10,0,3,0,40,31,1100,300,45
SIM,5,0,1,0,14,1,13,0,4,0,40,28,300,1300,31
SIM,5,0,1,0,15,0,11,3,4,1,40,28,800,200,45
SIM,5,0,1,0,16,1,11,0,4,0,40,25,500,1200,29
SIM,5,0,1,0,17,0,11,0,4,0,40,25,1000,1200,45
SIM,5,0,1,0,18,1,11,0,4,0,40,21,400,2200,33
SIM,5,0,1,0,19,0,9,3,3,1,40,21,1100,500,45
SIM,5,0,1,0,20,1,12,3,4,1,40,17,300,1400,24
SIM,5,0,1,0,21,0,10,3,4,1,40,17,900,500,45
SIM,5,0,1,0,22,1,10,3,4,1,40,13,300,1400,33
SIM,5,0,1,0,23,0,7,6,3,2,40,13,1000,300,45
SIM,5,0,1,0,24,1,10,4,4,2,40,10,200,1100,28
SIM,5,0,1,0,25,0,7,4,3,2,40,10,900,500,45
SIM,5,0,1,0,26,1,7,3,3,1,40,8,300,1400,35
SIM,5,0,1,0,27,0,4,6,2,2,40,8,1100,300,45
SIM,5,0,1,0,28,1,7,3,3,1,40,7,300,1200,26
SIM,5,0,1,0,29,0,6,3,2,1,40,7,1100,300,45
SIM,5,0,1,0,30,1,6,1,2,1,40,6,500,1200,37
SIM,5,0,1,0,31,0,3,4,1,2,40,6,1400,100,45
SIM,5,0,1,0,32,1,6,3,2,1,40,6,300,1000,31
SIM,5,0,1,0,33,0,4,3,2,1,40,6,1100,400,45
SIM,5,0,1,0,34,1,4,1,2,1,40,5,500,1300,36
SIM,5,0,1,0,35,0,1,4,1,2,40,5,1400,200,45
SIM,5,0,1,0,36,1,4,1,2,1,40,5,300,1100,30
SIM,5,0,1,0,37,0,3,1,1,1,40,5,1200,500,45
SIM,5,0,1,0,38,1,3,0,1,0,40,5,300,1500,37
SIM,5,0,1,0,39,0,1,3,1,1,40,5,1200,100,45
SIM,5,0,1,0,40,1,4,0,2,0,40,5,100,1100,26
SIM,5,0,1,0,41,0,4,0,2,0,40,5,900,500,45
SIM,5,0,1,0,42,1,4,0,2,0,40,4,300,1500,32
SIM,5,0,1,0,43,0,3,3,1,1,40,4,1200,100,45
SIM,5,0,1,0,44,1,6,1,2,1,40,3,100,1000,29
SIM,5,0,1,0,45,0,4,1,2,1,40,3,900,400,45
SIM,5,0,1,0,46,1,4,0,2,0,40,2,300,1400,35
SIM,5,0,1,0,47,0,3,3,1,1,40,2,1200,300,45
SIM_END,5,0,1,0,47,0,0
SIM,6,0,1,1,1,0,6,0,1,0,40,40,1000,0,30
SIM,6,0,1,1,2,1,9,0,2,0,40,39,200,1000,9
SIM,6,0,1,1,3,0,7,3,2,1,40,39,900,200,39
SIM,6,0,1,1,4,1,7,0,2,0,40,38,300,1200,29
SIM,6,0,1,1,5,0,7,0,2,0,40,38,1000,300,45
SIM,6,0,1,1,6,1,10,0,3,0,40,36,200,1300,29
SIM,6,0,1,1,7,0,9,3,2,1,40,36,900,200,45
SIM,6,0,1,1,8,1,9,0,2,0,40,35,300,1200,36
SIM,6,0,1,1,9,0,9,0,2,0,40,35,1000,300,45
SIM,6,0,1,1,10,1,12,0,3,0,40,33,200,1300,33
SIM,6,0,1,1,11,0,10,3,3,1,40,33,800,200,45
SIM,6,0,1,1,12,1,10,0,3,0,40,31,500,1200,34
SIM,6,0,1,1,13,0,10,0,3,0,40,31,1100,300,45
SIM,6,0,1,1,14,1,13,0,4,0,40,28,300,1300,31
SIM,6,0,1,1,15,0,11,3,4,1,40,28,800,200,45
SIM,6,0,1,1,16,1,11,0,4,0,40,25,500,1200,29
SIM,6,0,1,1,17,0,11,0,4,0,40,25,1000,1200,45
SIM,6,0,1,1,18,1,11,0,4,0,40,21,400,2200,33
SIM,6,0,1,1,19,0,9,3,3,1,40,21,1100,500,45
SIM,6,0,1,1,20,1,12,3,4,1,40,17,300,1400,24
SIM,6,0,1,1,21,0,10,3,4,1,40,17,900,500,45
SIM,6,0,1,1,22,1,10,3,4,1,40,13,300,1400,33
SIM,6,0,1,1,23,0,7,6,3,2,40,13,1000,300,45
SIM,6,0,1,1,24,1,10,4,4,2,40,10,200,1100,28
SIM,6,0,1,1,25,0,7,4,3,2,40,10,900,500,45
SIM,6,0,1,1,26,1,7,3,3,1,40,8,300,1400,35
SIM,6,0,1,1,27,0,4,6,2,2,40,8,1100,300,45
SIM,6,0,1,1,28,1,7,3,3,1,40,7,300,1200,26
SIM,6,0,1,1,29,0,6,3,2,1,40,7,1100,300,45
SIM,6,0,1,1,30,1,6,1,2,1,40,6,500,1200,37
SIM,6,0,1,1,31,0,3,4,1,2,40,6,1400,100,45
SIM,6,0,1,1,32,1,6,3,2,1,40,6,300,1000,31
SIM,6,0,1,1,33,0,4,3,2,1,40,6,1100,400,45
SIM,6,0,1,1,34,1,4,1,2,1,40,5,500,1300,36
SIM,6,0,1,1,35,0,1,4,1,2,40,5,1400,200,45
SIM,6,0,1,1,36,1,4,1,2,1,40,5,300,1100,30
SIM,6,0,1,1,37,0,3,1,1,1,40,5,1200,500,45
SIM,6,0,1,1,38,1,3,0,1,0,40,5,300,1500,37
SIM,6,0,1,1,39,0,1,3,1,1,40,5,1200,100,45
SIM,6,0,1,1,40,1,4,0,2,0,40,5,100,1100,26
SIM,6,0,1,1,41,0,4,0,2,0,40,5,900,500,45
SIM,6,0,1,1,42,1,4,0,2,0,40,4,300,1500,32
SIM,6,0,1,1,43,0,3,3,1,1,40,4,1200,100,45
SIM,6,0,1,1,44,1,6,1,2,1,40,3,100,1000,29
SIM,6,0,1,1,45,0,4,1,2,1,40,3,900,400,45
SIM,6,0,1,1,46,1,4,0,2,0,40,2,300,1400,35
SIM,6,0,1,1,47,0,3,3,1,1,40,2,1200,300,45
SIM_END,6,0,1,1,47,0,0
SIM,7,0,1,2,1,0,6,0,1,0,40,40,1000,0,30
SIM,7,0,1,2,2,1,9,0,2,0,40,39,200,1000,19
SIM,7,0,1,2,3,0,7,3,2,1,40,39,900,200,45
SIM,7,0,1,2,4,1,7,0,2,0,40,38,300,1200,23
SIM,7,0,1,2,5,0,7,0,2,0,40,38,1000,300,45
SIM,7,0,1,2,6,1,10,0,3,0,40,36,200,1300,27
SIM,7,0,1,2,7,0,9,3,2,1,40,36,900,200,45
SIM,7,0,1,2,8,1,9,0,2,0,40,35,300,1200,36
SIM,7,0,1,2,9,0,9,0,2,0,40,35,1000,300,45
SIM,7,0,1,2,10,1,12,0,3,0,40,33,200,1300,33
SIM,7,0,1,2,11,0,10,3,3,1,40,33,800,200,45
SIM,7,0,1,2,12,1,10,0,3,0,40,31,500,1200,34
SIM,7,0,1,2,13,0,10,0,3,0,40,31,1100,300,45
SIM,7,0,1,2,14,1,13,0,4,0,40,28,300,1300,31
SIM,7,0,1,2,15,0,11,3,4,1,40,28,800,200,45
SIM,7,0,1,2,16,1,11,0,4,0,40,25,500,1200,29
SIM,7,0,1,2,17,0,11,0,4,0,40,25,1000,1200,45
SIM,7,0,1,2,18,1,11,0,4,0,40,21,400,2200,33
SIM,7,0,1,2,19,0,9,3,3,1,40,21,1100,500,45
SIM,7,0,1,2,20,1,12,3,4,1,40,17,300,1400,24
SIM,7,0,1,2,21,0,10,3,4,1,40,17,900,500,45
SIM,7,0,1,2,22,1,10,3,4,1,40,13,300,1400,33
SIM,7,0,1,2,23,0,7,6,3,2,40,13,1000,300,45
SIM,7,0,1,2,24,1,10,4,4,2,40,10,200,1100,28
SIM,7,0,1,2,25,0,7,4,3,2,40,10,900,500,45
SIM,7,0,1,2,26,1,7,3,3,1,40,8,300,1400,35
SIM,7,0,1,2,27,0,4,6,2,2,40,8,1100,300,45
SIM,7,0,1,2,28,1,7,3,3,1,40,7,300,1200,26
SIM,7,0,1,2,29,0,6,3,2,1,40,7,1100,300,45
SIM,7,0,1,2,30,1,6,1,2,1,40,6,500,1200,37
SIM,7,0,1,2,31,0,3,4,1,2,40,6,1400,100,45
SIM,7,0,1,2,32,1,6,3,2,1,40,6,300,1000,31
SIM,7,0,1,2,33,0,4,3,2,1,40,6,1100,400,45
SIM,7,0,1,2,34,1,4,1,2,1,40,5,500,1300,36
SIM,7,0,1,2,35,0,1,4,1,2,40,5,1400,200,45
SIM,7,0,1,2,36,1,4,1,2,1,40,5,300,1100,30
SIM,7,0,1,2,37,0,3,1,1,1,40,5,1200,500,45
SIM,7,0,1,2,38,1,3,0,1,0,40,5,300,1500,37
SIM,7,0,1,2,39,0,1,3,1,1,40,5,1200,100,45
SIM,7,0,1,2,40,1,4,0,2,0,40,5,100,1100,26
SIM,7,0,1,2,41,0,4,0,2,0,40,5,900,500,45
SIM,7,0,1,2,42,1,4,0,2,0,40,4,300,1500,32
SIM,7,0,1,2,43,0,3,3,1,1,40,4,1200,100,45
SIM,7,0,1,2,44,1,6,1,2,1,40,3,100,1000,29
SIM,7,0,1,2,45,0,4,1,2,1,40,3,900,400,45
SIM,7,0,1,2,46,1,4,0,2,0,40,2,300,1400,35
SIM,7,0,1,2,47,0,3,3,1,1,40,2,1200,300,45
SIM_END,7,0,1,2,47,0,0
SIM,8,1,1,0,1,0,0,6,0,1,40,40,1000,0,30
SIM,8,1,1,0,2,1,3,4,1,1,40,40,200,800,19
SIM,8,1,1,0,3,0,0,7,0,2,39,40,1200,300,45
SIM,8,1,1,0,4,1,0,7,0,2,39,40,300,1000,39
SIM,8,1,1,0,5,0,0,7,0,2,38,40,1300,400,45
SIM,8,1,1,0,6,1,3,5,1,2,38,40,200,1100,34
SIM,8,1,1,0,7,0,0,8,0,3,37,40,1200,300,45
SIM,8,1,1,0,8,1,0,8,0,3,37,40,300,900,39
SIM,8,1,1,0,9,0,0,8,0,3,34,40,1300,300,45
SIM,8,1,1,0,10,1,3,7,1,2,34,40,200,1000,34
SIM,8,1,1,0,11,0,0,10,0,3,32,40,1200,200,45
SIM,8,1,1,0,12,1,0,10,0,3,32,40,300,800,39
SIM,8,1,1,0,13,0,0,10,0,3,29,40,1300,500,45
SIM,8,1,1,0,14,1,3,8,1,3,29,40,200,1100,36
SIM,8,1,1,0,15,0,0,11,0,4,27,40,1200,300,45
SIM,8,1,1,0,16,1,0,11,0,4,27,40,300,800,39
SIM,8,1,1,0,17,0,0,11,0,4,23,40,1300,500,45
SIM,8,1,1,0,18,1,3,9,1,3,23,40,500,1200,38
SIM,8,1,1,0,19,0,3,12,1,4,19,40,1400,100,45
SIM,8,1,1,0,20,1,3,10,1,4,19,40,500,700,37
SIM,8,1,1,0,21,0,3,10,1,4,15,40,1400,400,45
SIM,8,1,1,0,22,1,6,7,2,3,15,40,300,1100,34
SIM,8,1,1,0,23,0,6,10,2,4,11,40,1100,300,45
SIM,8,1,1,0,24,1,6,7,2,3,11,40,500,1000,37
SIM,8,1,1,0,25,0,6,7,2,3,8,40,1300,400,45
SIM,8,1,1,0,26,1,9,3,3,1,8,40,200,1300,26
SIM,8,1,1,0,27,0,7,6,3,2,7,40,900,200,45
SIM,8,1,1,0,28,1,7,1,3,1,7,40,300,1100,29
SIM,8,1,1,0,29,0,6,1,2,1,7,40,1100,500,45
SIM,8,1,1,0,30,1,9,0,3,0,7,38,300,1500,26
SIM,8,1,1,0,31,0,7,3,3,1,7,38,1000,100,45
SIM,8,1,1,0,32,1,7,3,3,1,7,36,400,1000,37
SIM,8,1,1,0,33,0,6,3,2,1,7,36,1200,400,45
SIM,8,1,1,0,34,1,9,3,3,1,7,33,100,1300,16
SIM,8,1,1,0,35,0,6,6,2,2,7,33,900,200,45
SIM,8,1,1,0,36,1,6,6,2,2,7,31,300,1000,37
SIM,8,1,1,0,37,0,3,6,1,2,7,31,1200,400,45
SIM,8,1,1,0,38,1,6,4,2,2,7,30,100,1200,30
SIM,8,1,1,0,39,0,1,7,1,3,7,30,1000,100,45
SIM,8,1,1,0,40,1,1,6,1,2,7,30,400,900,37
SIM,8,1,1,0,41,0,0,6,0,2,6,30,1400,300,45
SIM,8,1,1,0,42,1,3,4,1,2,6,30,300,1100,34
SIM,8,1,1,0,43,0,0,7,0,3,5,30,1300,300,45
SIM,8,1,1,0,44,1,0,7,0,3,5,30,400,1000,39
SIM,8,1,1,0,45,0,0,7,0,3,2,30,1400,400,45
SIM,8,1,1,0,46,1,3,6,1,2,2,30,300,1200,34
SIM_END,8,1,1,0,46,1,0
SIM,9,1,1,1,1,0,0,6,0,1,40,40,1000,0,30
SIM,9,1,1,1,2,1,3,4,1,1,40,40,200,800,19
SIM,9,1,1,1,3,0,0,7,0,2,39,40,1200,300,45
SIM,9,1,1,1,4,1,0,7,0,2,39,40,300,1000,39
SIM,9,1,1,1,5,0,0,7,0,2,38,40,1300,400,45
SIM,9,1,1,1,6,1,3,5,1,2,38,40,200,1100,34
SIM,9,1,1,1,7,0,0,8,0,3,37,40,1200,300,45
SIM,9,1,1,1,8,1,0,8,0,3,37,40,300,900,39
SIM,9,1,1,1,9,0,0,8,0,3,34,40,1300,300,45
SIM,9,1,1,1,10,1,3,7,1,2,34,40,200,1000,34
SIM,9,1,1,1,11,0,0,10,0,3,32,40,1200,200,45
SIM,9,1,1,1,12,1,0,10,0,3,32,40,300,800,39
SIM,9,1,1,1,13,0,0,10,0,3,29,40,1300,500,45
SIM,9,1,1,1,14,1,3,8,1,3,29,40,200,1100,36
SIM,9,1,1,1,15,0,0,11,0,4,27,40,1200,300,45
SIM,9,1,1,1,16,1,0,11,0,4,27,40,300,800,39
SIM,9,1,1,1,17,0,0,11,0,4,23,40,1300,500,45
SIM,9,1,1,1,18,1,3,9,1,3,23,40,500,1200,38
SIM,9,1,1,1,19,0,3,12,1,4,19,40,1400,100,45
SIM,9,1,1,1,20,1,3,10,1,4,19,40,500,700,37
SIM,9,1,1,1,21,0,3,10,1,4,15,40,1400,400,45
SIM,9,1,1,1,22,1,6,7,2,3,15,40,300,1100,34
SIM,9,1,1,1,23,0,6,10,2,4,11,40,1100,300,45
SIM,9,1,1,1,24,1,6,7,2,3,11,40,500,1000,37
SIM,9,1,1,1,25,0,6,7,2,3,8,40,1300,400,45
SIM,9,1,1,1,26,1,9,3,3,1,8,40,200,1300,26
SIM,9,1,1,1,27,0,7,6,3,2,7,40,900,200,45
SIM,9,1,1,1,28,1,7,1,3,1,7,40,300,1100,29
SIM,9,1,1,1,29,0,6,1,2,1,7,40,1100,500,45
SIM,9,1,1,1,30,1,9,0,3,0,7,38,300,1500,26
SIM,9,1,1,1,31,0,7,3,3,1,7,38,1000,100,45
SIM,9,1,1,1,32,1,7,3,3,1,7,36,400,1000,37
SIM,9,1,1,1,33,0,6,3,2,1,7,36,1200,400,45
SIM,9,1,1,1,34,1,9,3,3,1,7,33,100,1300,16
SIM,9,1,1,1,35,0,6,6,2,2,7,33,900,200,45
SIM,9,1,1,1,36,1,6,6,2,2,7,31,300,1000,37
SIM,9,1,1,1,37,0,3,6,1,2,7,31,1200,400,45
SIM,9,1,1,1,38,1,6,4,2,2,7,30,100,1200,30
SIM,9,1,1,1,39,0,1,7,1,3,7,30,1000,100,45
SIM,9,1,1,1,40,1,1,6,1,2,7,30,400,900,37
SIM,9,1,1,1,41,0,0,6,0,2,6,30,1400,300,45
SIM,9,1,1,1,42,1,3,4,1,2,6,30,300,1100,34
SIM,9,1,1,1,43,0,0,7,0,3,5,30,1300,300,45
SIM,9,1,1,1,44,1,0,7,0,3,5,30,400,1000,39
SIM,9,1,1,1,45,0,0,7,0,3,2,30,1400,400,45
SIM,9,1,1,1,46,1,3,6,1,2,2,30,300,1200,34
SIM_END,9,1,1,1,46,1,0
SIM,10,1,1,2,1,0,0,6,0,1,40,40,1000,0,30
SIM,10,1,1,2,2,1,3,6,1,1,40,39,200,800,19
SIM,10,1,1,2,3,0,0,9,0,2,39,39,1200,300,45
SIM,10,1,1,2,4,1,0,9,0,2,39,39,300,1000,39
SIM,10,1,1,2,5,0,0,9,0,2,38,39,1300,400,45
SIM,10,1,1,2,6,1,3,7,1,2,38,39,200,1100,34
SIM,10,1,1,2,7,0,0,10,0,3,37,39,1200,300,45
SIM,10,1,1,2,8,1,0,10,0,3,37,39,300,900,39
SIM,10,1,1,2,9,0,0,10,0,3,34,39,1300,300,45
SIM,10,1,1,2,10,1,3,9,1,2,34,39,200,1000,34
SIM,10,1,1,2,11,0,0,12,0,3,32,39,1200,200,45
SIM,10,1,1,2,12,1,0,12,0,3,32,39,300,800,39
SIM,10,1,1,2,13,0,0,12,0,3,29,39,1300,500,45
SIM,10,1,1,2,14,1,3,10,1,3,29,39,200,1100,36
SIM,10,1,1,2,15,0,0,13,0,4,27,39,1200,300,45
SIM,10,1,1,2,16,1,0,13,0,4,27,39,300,800,39
SIM,10,1,1,2,17,0,0,13,0,4,23,39,1300,500,45
SIM,10,1,1,2,18,1,3,11,1,4,23,39,500,1000,38
SIM,10,1,1,2,19,0,0,11,0,4,20,39,1500,400,45
SIM,10,1,1,2,20,1,0,11,0,4,20,39,1500,900,45
SIM,10,1,1,2,21,0,0,11,0,4,16,39,2500,300,45
SIM,10,1,1,2,22,1,3,9,1,3,16,39,500,1000,30
SIM,10,1,1,2,23,0,3,12,1,4,12,39,1400,200,45
SIM,10,1,1,2,24,1,3,10,1,4,12,39,500,800,37
SIM,10,1,1,2,25,0,3,10,1,4,8,39,1400,500,45
SIM,10,1,1,2,26,1,6,7,2,3,8,39,300,1200,34
SIM,10,1,1,2,27,0,6,10,2,4,4,39,1100,100,45
SIM,10,1,1,2,28,1,6,7,2,3,4,39,500,800,37
SIM,10,1,1,2,29,0,6,7,2,3,1,39,1300,500,45
SIM,10,1,1,2,30,1,9,3,3,1,1,39,200,1400,26
SIM_END,10,1,1,2,30,1,0
SIM,11,0,2,0,1,0,12,0,2,0,40,40,1000,0,30
SIM,11,0,2,0,2,1,12,0,2,0,40,39,400,1000,0
SIM,11,0,2,0,3,0,10,3,2,1,40,39,1000,200,30
SIM,11,0,2,0,4,1,13,0,3,0,40,37,200,1200,15
SIM,11,0,2,0,5,0,13,0,3,0,40,37,700,300,45
SIM,11,0,2,0,6,1,13,0,3,0,40,35,400,1300,37
SIM,11,0,2,0,7,0,11,3,3,1,40,35,900,200,45
SIM,11,0,2,0,8,1,14,0,4,0,40,33,100,1200,25
SIM,11,0,2,0,9,0,14,0,4,0,40,33,500,300,45
SIM,11,0,2,0,10,1,14,0,4,0,40,29,500,1300,31
SIM,11,0,2,0,11,0,12,3,3,1,40,29,1100,500,45
SIM,11,0,2,0,12,1,15,0,4,0,40,26,300,1500,14
SIM,11,0,2,0,13,0,15,0,4,0,40,26,800,300,44
SIM,11,0,2,0,14,1,15,0,4,0,40,23,500,1300,34
SIM,11,0,2,0,15,0,13,3,4,1,40,23,1000,200,45
SIM,11,0,2,0,16,1,13,0,4,0,40,20,400,1200,31
SIM,11,0,2,0,17,0,13,0,4,0,40,20,900,300,45
SIM,11,0,2,0,18,1,13,0,4,0,40,17,300,1300,33
SIM,11,0,2,0,19,0,12,3,3,1,40,17,900,200,45
SIM,11,0,2,0,20,1,15,0,4,0,40,14,100,1200,22
SIM,11,0,2,0,21,0,15,0,4,0,40,14,600,300,45
SIM,11,0,2,0,22,1,15,0,4,0,40,11,300,1300,35
SIM,11,0,2,0,23,0,13,3,4,1,40,11,800,200,45
SIM,11,0,2,0,24,1,13,0,4,0,40,8,500,1200,33
SIM,11,0,2,0,25,0,13,0,4,0,40,8,1000,300,45
SIM,11,0,2,0,26,1,13,0,4,0,40,5,400,1300,33
SIM,11,0,2,0,27,0,12,3,3,1,40,5,1000,200,45
SIM,11,0,2,0,28,1,15,0,4,0,40,2,200,1200,22
SIM,11,0,2,0,29,0,15,0,4,0,40,2,700,300,45
SIM_END,11,0,2,0,29,0,0
SIM,12,0,2,1,1,0,12,0,2,0,40,40,1000,0,30
SIM,12,0,2,1,2,1,15,0,3,0,40,38,200,1000,1
SIM,12,0,2,1,3,0,13,3,3,1,40,38,700,200,31
SIM,12,0,2,1,4,1,13,0,3,0,40,37,400,1200,21
SIM,12,0,2,1,5,0,13,0,3,0,40,37,900,300,45
SIM,12,0,2,1,6,1,16,0,4,0,40,35,100,1300,14
SIM,12,0,2,1,7,0,15,3,3,1,40,35,600,200,44
SIM,12,0,2,1,8,1,15,0,3,0,40,33,300,1200,34
SIM,12,0,2,1,9,0,15,0,3,0,40,33,800,300,45
SIM,12,0,2,1,10,1,18,0,4,0,40,29,300,1300,22
SIM,12,0,2,1,11,0,16,3,4,1,40,29,700,200,45
SIM,12,0,2,1,12,1,16,0,4,0,40,26,400,1200,29
SIM,12,0,2,1,13,0,16,0,4,0,40,26,800,1200,45
SIM,12,0,2,1,14,1,16,0,4,0,40,22,500,2200,35
SIM,12,0,2,1,15,0,14,3,4,1,40,22,900,500,45
SIM,12,0,2,1,16,1,14,0,4,0,40,19,300,1500,33
SIM,12,0,2,1,17,0,14,0,4,0,40,19,700,1500,45
SIM,12,0,2,1,18,1,14,0,4,0,40,15,400,2500,35
SIM,12,0,2,1,19,0,12,3,3,1,40,15,1000,500,45
SIM,12,0,2,1,20,1,15,0,4,0,40,12,200,1500,20
SIM,12,0,2,1,21,0,15,0,4,0,40,12,700,300,45
SIM,12,0,2,1,22,1,15,0,4,0,40,8,400,1300,31
SIM,12,0,2,1,23,0,13,3,4,1,40,8,900,500,45
SIM,12,0,2,1,24,1,13,0,4,0,40,5,300,1500,29
SIM,12,0,2,1,25,0,13,0,4,0,40,5,800,300,45
SIM,12,0,2,1,26,1,13,0,4,0,40,1,500,1300,31
SIM,12,0,2,1,27,0,12,3,3,1,40,1,1100,500,45
SIM_END,12,0,2,1,27,0,0
SIM,13,0,2,2,1,0,12,0,2,0,40,40,1000,0,30
SIM,13,0,2,2,2,1,12,0,2,0,40,39,400,1000,0
SIM,13,0,2,2,3,0,10,3,2,1,40,39,1000,200,30
SIM,13,0,2,2,4,1,13,0,3,0,40,38,200,1200,19
SIM,13,0,2,2,5,0,13,0,3,0,40,38,700,300,45
SIM,13,0,2,2,6,1,13,0,3,0,40,37,400,1300,41
SIM,13,0,2,2,7,0,11,3,3,1,40,37,900,200,45
SIM,13,0,2,2,8,1,14,0,4,0,40,35,100,1200,13
SIM,13,0,2,2,9,0,14,0,4,0,40,35,500,300,43
SIM,13,0,2,2,10,1,14,0,4,0,40,31,500,1300,29
SIM,13,0,2,2,11,0,12,3,3,1,40,31,1100,500,45
SIM,13,0,2,2,12,1,15,0,4,0,40,28,300,1500,26
SIM,13,0,2,2,13,0,15,0,4,0,40,28,800,300,45
SIM,13,0,2,2,14,1,15,0,4,0,40,24,500,1300,33
SIM,13,0,2,2,15,0,13,3,4,1,40,24,1000,500,45
SIM,13,0,2,2,16,1,13,0,4,0,40,21,400,1500,23
SIM,13,0,2,2,17,0,13,0,4,0,40,21,900,300,45
SIM,13,0,2,2,18,1,13,0,4,0,40,18,300,1300,33
SIM,13,0,2,2,19,0,12,3,3,1,40,18,900,200,45
SIM,13,0,2,2,20,1,15,0,4,0,40,15,100,1200,22
SIM,13,0,2,2,21,0,15,0,4,0,40,15,600,300,45
SIM,13,0,2,2,22,1,15,0,4,0,40,12,300,1300,35
SIM,13,0,2,2,23,0,13,3,4,1,40,12,800,200,45
SIM,13,0,2,2,24,1,13,0,4,0,40,9,500,1200,33
SIM,13,0,2,2,25,0,13,0,4,0,40,9,1000,300,45
SIM,13,0,2,2,26,1,13,0,4,0,40,6,400,1300,33
SIM,13,0,2,2,27,0,12,3,3,1,40,6,1000,200,45
SIM,13,0,2,2,28,1,15,0,4,0,40,3,200,1200,22
SIM,13,0,2,2,29,0,15,0,4,0,40,3,700,300,45
SIM_END,13,0,2,2,29,0,0
SIM,14,1,2,0,1,0,0,12,0,2,40,40,1000,0,30
SIM,14,1,2,0,2,1,3,10,1,2,40,40,200,600,19
SIM,14,1,2,0,3,0,0,13,0,3,39,40,1200,100,45
SIM,14,1,2,0,4,1,0,13,0,3,39,40,300,600,39
SIM,14,1,2,0,5,0,0,13,0,3,37,40,1300,300,45
SIM,14,1,2,0,6,1,3,11,1,3,37,40,200,800,36
SIM,14,1,2,0,7,0,0,14,0,4,35,40,1200,300,45
SIM,14,1,2,0,8,1,0,14,0,4,35,40,300,700,39
SIM,14,1,2,0,9,0,0,14,0,4,31,40,1300,400,45
SIM,14,1,2,0,10,1,3,12,1,3,31,40,500,1000,38
SIM,14,1,2,0,11,0,0,15,0,4,28,40,1500,200,45
SIM,14,1,2,0,12,1,0,15,0,4,28,40,300,700,37
SIM,14,1,2,0,13,0,0,15,0,4,25,40,1300,400,45
SIM,14,1,2,0,14,1,3,13,1,4,25,40,200,900,36
SIM,14,1,2,0,15,0,0,13,0,4,22,40,1200,300,45
SIM,14,1,2,0,16,1,0,13,0,4,22,40,300,800,39
SIM,14,1,2,0,17,0,0,13,0,4,19,40,1300,500,45
SIM,14,1,2,0,18,1,3,12,1,3,19,40,200,1100,36
SIM,14,1,2,0,19,0,0,15,0,4,16,40,1200,300,45
SIM,14,1,2,0,20,1,0,15,0,4,16,40,300,800,39
SIM,14,1,2,0,21,0,0,15,0,4,13,40,1300,500,45
SIM,14,1,2,0,22,1,3,13,1,4,13,40,200,1000,36
SIM,14,1,2,0,23,0,0,13,0,4,10,40,1200,400,45
SIM,14,1,2,0,24,1,0,13,0,4,10,40,300,900,39
SIM,14,1,2,0,25,0,0,13,0,4,7,40,1300,300,45
SIM,14,1,2,0,26,1,3,12,1,3,7,40,200,900,36
SIM,14,1,2,0,27,0,0,15,0,4,4,40,1200,100,45
SIM,14,1,2,0,28,1,0,15,0,4,4,40,300,600,39
SIM_END,14,1,2,0,28,1,0
SIM,15,1,2,1,1,0,0,12,0,2,40,40,1000,0,30
SIM,15,1,2,1,2,1,3,10,1,2,40,40,200,600,19
SIM,15,1,2,1,3,0,0,13,0,3,39,40,1200,100,45
SIM,15,1,2,1,4,1,0,13,0,3,39,40,300,600,39
SIM,15,1,2,1,5,0,0,13,0,3,38,40,1300,300,45
SIM,15,1,2,1,6,1,3,11,1,3,38,40,200,800,34
SIM,15,1,2,1,7,0,0,14,0,4,36,40,1200,300,45
SIM,15,1,2,1,8,1,0,14,0,4,36,40,300,700,39
SIM,15,1,2,1,9,0,0,14,0,4,33,40,1300,400,45
SIM,15,1,2,1,10,1,3,13,1,3,33,40,200,900,32
SIM,15,1,2,1,11,0,0,16,0,4,30,40,1200,100,45
SIM,15,1,2,1,12,1,0,16,0,4,30,40,300,500,39
SIM,15,1,2,1,13,0,0,16,0,4,27,40,1300,500,45
SIM,15,1,2,1,14,1,3,14,1,4,27,40,200,900,36
SIM,15,1,2,1,15,0,0,14,0,4,24,40,1200,300,45
SIM,15,1,2,1,16,1,0,14,0,4,24,40,300,700,39
SIM,15,1,2,1,17,0,0,14,0,4,21,40,1300,400,45
SIM,15,1,2,1,18,1,3,13,1,3,21,40,200,900,36
SIM,15,1,2,1,19,0,0,16,0,4,18,40,1200,100,45
SIM,15,1,2,1,20,1,0,16,0,4,18,40,300,500,39
SIM,15,1,2,1,21,0,0,16,0,4,15,40,1300,500,45
SIM,15,1,2,1,22,1,3,14,1,4,15,40,200,900,36
SIM,15,1,2,1,23,0,0,14,0,4,12,40,1200,300,45
SIM,15,1,2,1,24,1,0,14,0,4,12,40,300,700,39
SIM,15,1,2,1,25,0,0,14,0,4,9,40,1300,400,45
SIM,15,1,2,1,26,1,3,13,1,3,9,40,200,900,36
SIM,15,1,2,1,27,0,0,16,0,4,6,40,1200,100,45
SIM,15,1,2,1,28,1,0,16,0,4,6,40,300,500,39
SIM,15,1,2,1,29,0,0,16,0,4,3,40,1300,500,45
SIM,15,1,2,1,30,1,3,14,1,4,3,40,200,900,36
SIM_END,15,1,2,1,30,1,0
SIM,16,1,2,2,1,0,0,12,0,2,40,40,1000,0,30
SIM,16,1,2,2,2,1,3,10,1,2,40,40,200,600,19
SIM,16,1,2,2,3,0,0,13,0,3,39,40,1200,100,45
SIM,16,1,2,2,4,1,0,13,0,3,39,40,300,600,39
SIM,16,1,2,2,5,0,0,13,0,3,37,40,1300,300,45
SIM,16,1,2,2,6,1,3,11,1,3,37,40,200,800,34
SIM,16,1,2,2,7,0,0,14,0,4,34,40,1200,300,45
SIM,16,1,2,2,8,1,0,14,0,4,34,40,300,700,39
SIM,16,1,2,2,9,0,0,14,0,4,31,40,1300,400,45
SIM,16,1,2,2,10,1,3,13,1,3,31,40,200,900,34
SIM,16,1,2,2,11,0,0,16,0,4,28,40,1200,100,45
SIM,16,1,2,2,12,1,0,16,0,4,28,40,300,500,39
SIM,16,1,2,2,13,0,0,16,0,4,25,40,1300,500,45
SIM,16,1,2,2,14,1,3,14,1,4,25,40,200,900,36
SIM,16,1,2,2,15,0,0,14,0,4,22,40,1200,300,45
SIM,16,1,2,2,16,1,0,14,0,4,22,40,300,700,39
SIM,16,1,2,2,17,0,0,14,0,4,19,40,1300,400,45
SIM,16,1,2,2,18,1,3,13,1,3,19,40,200,900,36
SIM,16,1,2,2,19,0,0,16,0,4,16,40,1200,100,45
SIM,16,1,2,2,20,1,0,16,0,4,16,40,300,500,39
SIM,16,1,2,2,21,0,0,16,0,4,13,40,1300,500,45
SIM,16,1,2,2,22,1,3,14,1,4,13,40,200,900,36
SIM,16,1,2,2,23,0,0,14,0,4,10,40,1200,300,45
SIM,16,1,2,2,24,1,0,14,0,4,10,40,300,700,39
SIM,16,1,2,2,25,0,0,14,0,4,7,40,1300,400,45
SIM,16,1,2,2,26,1,3,13,1,3,7,40,200,900,36
SIM,16,1,2,2,27,0,0,16,0,4,4,40,1200,100,45
SIM,16,1,2,2,28,1,0,16,0,4,4,40,300,500,39
SIM_END,16,1,2,2,28,1,0
SIM,17,0,3,0,1,0,18,0,3,0,40,40,1000,0,30
SIM,17,0,3,0,2,1,21,0,4,0,40,40,200,1000,0
SIM,17,0,3,0,3,0,19,3,4,1,40,40,500,200,30
SIM,17,0,3,0,4,1,19,0,4,0,40,38,500,1200,11
SIM,17,0,3,0,5,0,19,0,4,0,40,38,800,300,41
SIM,17,0,3,0,6,1,19,0,4,0,40,35,500,1300,31
SIM,17,0,3,0,7,0,17,3,4,1,40,35,800,200,45
SIM,17,0,3,0,8,1,17,0,4,0,40,33,500,1200,37
SIM,17,0,3,0,9,0,17,0,4,0,40,33,800,300,45
SIM,17,0,3,0,10,1,17,0,4,0,40,30,500,1300,37
SIM,17,0,3,0,11,0,15,3,3,1,40,30,1000,200,45
SIM,17,0,3,0,12,1,18,0,4,0,40,27,200,1200,20
SIM,17,0,3,0,13,0,18,0,4,0,40,27,600,300,45
SIM,17,0,3,0,14,1,18,0,4,0,40,24,300,1300,33
SIM,17,0,3,0,15,0,16,3,4,1,40,24,700,200,45
SIM,17,0,3,0,16,1,16,0,4,0,40,21,400,1200,33
SIM,17,0,3,0,17,0,16,0,4,0,40,21,800,300,45
SIM,17,0,3,0,18,1,16,0,4,0,40,18,500,1300,35
SIM,17,0,3,0,19,0,15,3,3,1,40,18,1000,200,45
SIM,17,0,3,0,20,1,18,0,4,0,40,16,200,1200,29
SIM,17,0,3,0,21,0,18,0,4,0,40,16,600,300,45
SIM,17,0,3,0,22,1,18,0,4,0,40,12,300,1300,29
SIM,17,0,3,0,23,0,16,3,4,1,40,12,700,500,45
SIM,17,0,3,0,24,1,16,0,4,0,40,9,400,1500,35
SIM,17,0,3,0,25,0,16,0,4,0,40,9,800,1500,45
SIM,17,0,3,0,26,1,16,0,4,0,40,5,500,2500,35
SIM,17,0,3,0,27,0,14,3,4,1,40,5,900,500,45
SIM,17,0,3,0,28,1,14,0,4,0,40,2,300,1500,33
SIM,17,0,3,0,29,0,14,0,4,0,40,2,700,1500,45
SIM_END,17,0,3,0,29,0,0
SIM,18,0,3,1,1,0,18,0,3,0,40,40,1000,0,30
SIM,18,0,3,1,2,1,21,0,4,0,40,38,200,1000,1
SIM,18,0,3,1,3,0,19,3,4,1,40,38,500,200,31
SIM,18,0,3,1,4,1,19,0,4,0,40,36,500,1200,3
SIM,18,0,3,1,5,0,19,0,4,0,40,36,800,300,33
SIM,18,0,3,1,6,1,19,0,4,0,40,33,500,1300,19
SIM,18,0,3,1,7,0,18,3,3,1,40,33,900,200,45
SIM,18,0,3,1,8,1,21,0,4,0,40,30,100,1200,18
SIM,18,0,3,1,9,0,21,0,4,0,40,30,400,300,45
SIM,18,0,3,1,10,1,21,0,4,0,40,26,400,1300,31
SIM,18,0,3,1,11,0,19,3,4,1,40,26,700,500,45
SIM,18,0,3,1,12,1,19,0,4,0,40,23,400,1500,35
SIM,18,0,3,1,13,0,19,0,4,0,40,23,700,1500,45
SIM,18,0,3,1,14,1,19,0,4,0,40,19,400,2500,35
SIM,18,0,3,1,15,0,17,3,4,1,40,19,700,500,45
SIM,18,0,3,1,16,1,17,0,4,0,40,16,400,1500,35
SIM,18,0,3,1,17,0,17,0,4,0,40,16,700,1500,45
SIM,18,0,3,1,18,1,17,0,4,0,40,12,400,2500,35
SIM,18,0,3,1,19,0,15,3,3,1,40,12,900,500,45
SIM,18,0,3,1,20,1,18,0,4,0,40,9,100,1500,24
SIM,18,0,3,1,21,0,18,0,4,0,40,9,500,300,45
SIM,18,0,3,1,22,1,18,0,4,0,40,5,500,1300,33
SIM,18,0,3,1,23,0,16,3,4,1,40,5,900,500,45
SIM,18,0,3,1,24,1,16,0,4,0,40,2,300,1500,33
SIM,18,0,3,1,25,0,16,0,4,0,40,2,700,1500,45
SIM_END,18,0,3,1,25,0,0
SIM,19,0,3,2,1,0,18,0,3,0,40,40,1000,0,30
SIM,19,0,3,2,2,1,21,0,4,0,40,40,200,1000,0
SIM,19,0,3,2,3,0,19,3,4,1,40,40,500,200,30
SIM,19,0,3,2,4,1,19,0,4,0,40,38,500,1200,17
SIM,19,0,3,2,5,0,19,0,4,0,40,38,800,300,45
SIM,19,0,3,2,6,1,19,0,4,0,40,34,500,1300,23
SIM,19,0,3,2,7,0,17,3,4,1,40,34,800,500,45
SIM,19,0,3,2,8,1,17,0,4,0,40,31,500,1500,35
SIM,19,0,3,2,9,0,17,0,4,0,40,31,800,1500,45
SIM,19,0,3,2,10,1,17,0,4,0,40,27,500,2500,35
SIM,19,0,3,2,11,0,15,3,4,1,40,27,800,500,45
SIM,19,0,3,2,12,1,15,0,4,0,40,24,500,1500,35
SIM,19,0,3,2,13,0,15,0,4,0,40,24,800,1500,45
SIM,19,0,3,2,14,1,15,0,4,0,40,20,500,2500,35
SIM,19,0,3,2,15,0,13,3,3,1,40,20,1000,500,45
SIM,19,0,3,2,16,1,16,0,4,0,40,17,200,1500,20
SIM,19,0,3,2,17,0,16,0,4,0,40,17,600,300,45
SIM,19,0,3,2,18,1,16,0,4,0,40,13,300,1300,31
SIM,19,0,3,2,19,0,14,3,4,1,40,13,700,500,45
SIM,19,0,3,2,20,1,14,0,4,0,40,10,400,1500,31
SIM,19,0,3,2,21,0,14,0,4,0,40,10,800,300,45
SIM,19,0,3,2,22,1,14,0,4,0,40,6,500,1300,31
SIM,19,0,3,2,23,0,13,3,3,1,40,6,1000,500,45
SIM,19,0,3,2,24,1,16,0,4,0,40,3,200,1500,20
SIM,19,0,3,2,25,0,16,0,4,0,40,3,600,300,45
SIM_END,19,0,3,2,25,0,0
SIM,20,1,3,0,1,0,0,18,0,3,40,40,1000,0,30
SIM,20,1,3,0,2,1,3,16,1,3,40,40,200,400,19
SIM,20,1,3,0,3,0,0,19,0,4,39,40,1200,200,45
SIM,20,1,3,0,4,1,0,19,0,4,39,40,300,500,39
SIM,20,1,3,0,5,0,0,19,0,4,35,40,1300,500,45
SIM,20,1,3,0,6,1,3,17,1,4,35,40,200,800,36
SIM,20,1,3,0,7,0,0,17,0,4,33,40,1200,500,45
SIM,20,1,3,0,8,1,0,17,0,4,33,40,300,800,39
SIM,20,1,3,0,9,0,0,17,0,4,30,40,1300,500,45
SIM,20,1,3,0,10,1,3,15,1,3,30,40,200,1000,36
SIM,20,1,3,0,11,0,0,18,0,4,27,40,1200,200,45
SIM,20,1,3,0,12,1,0,18,0,4,27,40,300,600,39
SIM,20,1,3,0,13,0,0,18,0,4,24,40,1300,300,45
SIM,20,1,3,0,14,1,3,16,1,4,24,40,200,700,36
SIM,20,1,3,0,15,0,0,16,0,4,21,40,1200,400,45
SIM,20,1,3,0,16,1,0,16,0,4,21,40,300,800,39
SIM,20,1,3,0,17,0,0,16,0,4,18,40,1300,500,45
SIM,20,1,3,0,18,1,3,15,1,3,18,40,200,1000,36
SIM,20,1,3,0,19,0,0,18,0,4,15,40,1200,200,45
SIM,20,1,3,0,20,1,0,18,0,4,15,40,300,600,39
SIM,20,1,3,0,21,0,0,18,0,4,12,40,1300,300,45
SIM,20,1,3,0,22,1,3,16,1,4,12,40,200,700,36
SIM,20,1,3,0,23,0,0,16,0,4,9,40,1200,400,45
SIM,20,1,3,0,24,1,0,16,0,4,9,40,300,800,39
SIM,20,1,3,0,25,0,0,16,0,4,6,40,1300,500,45
SIM,20,1,3,0,26,1,3,15,1,3,6,40,200,1000,36
SIM,20,1,3,0,27,0,0,18,0,4,3,40,1200,200,45
SIM,20,1,3,0,28,1,0,18,0,4,3,40,300,600,39
SIM_END,20,1,3,0,28,1,0
SIM,21,1,3,1,1,0,0,18,0,3,40,40,1000,0,30
SIM,21,1,3,1,2,1,3,16,1,3,40,40,200,400,19
SIM,21,1,3,1,3,0,0,19,0,4,39,40,1200,200,45
SIM,21,1,3,1,4,1,0,19,0,4,39,40,300,500,39
SIM,21,1,3,1,5,0,0,19,0,4,37,40,1300,500,45
SIM,21,1,3,1,6,1,3,17,1,4,37,40,200,800,36
SIM,21,1,3,1,7,0,0,17,0,4,34,40,1200,500,45
SIM,21,1,3,1,8,1,0,17,0,4,34,40,1200,800,45
SIM,21,1,3,1,9,0,0,17,0,4,30,40,2200,500,45
SIM,21,1,3,1,10,1,3,15,1,4,30,40,500,800,32
SIM,21,1,3,1,11,0,0,15,0,4,27,40,1500,500,45
SIM,21,1,3,1,12,1,0,15,0,4,27,40,1500,800,45
SIM,21,1,3,1,13,0,0,15,0,4,23,40,2500,500,45
SIM,21,1,3,1,14,1,3,13,1,3,23,40,500,1000,30
SIM,21,1,3,1,15,0,0,16,0,4,20,40,1500,200,45
SIM,21,1,3,1,16,1,0,16,0,4,20,40,300,600,37
SIM,21,1,3,1,17,0,0,16,0,4,17,40,1300,300,45
SIM,21,1,3,1,18,1,3,14,1,4,17,40,200,700,36
SIM,21,1,3,1,19,0,0,14,0,4,14,40,1200,400,45
SIM,21,1,3,1,20,1,0,14,0,4,14,40,300,800,39
SIM,21,1,3,1,21,0,0,14,0,4,10,40,1300,500,45
SIM,21,1,3,1,22,1,3,13,1,3,10,40,500,1000,38
SIM,21,1,3,1,23,0,0,16,0,4,7,40,1500,200,45
SIM,21,1,3,1,24,1,0,16,0,4,7,40,300,600,37
SIM,21,1,3,1,25,0,0,16,0,4,4,40,1300,300,45
SIM,21,1,3,1,26,1,3,14,1,4,4,40,200,700,36
SIM,21,1,3,1,27,0,0,14,0,4,1,40,1200,400,45
SIM,21,1,3,1,28,1,0,14,0,4,1,40,300,800,39
SIM_END,21,1,3,1,28,1,0
SIM,22,1,3,2,1,0,0,18,0,3,40,40,1000,0,30
SIM,22,1,3,2,2,1,3,16,1,3,40,40,200,400,19
SIM,22,1,3,2,3,0,0,19,0,4,39,40,1200,200,45
SIM,22,1,3,2,4,1,0,19,0,4,39,40,300,500,39
SIM,22,1,3,2,5,0,0,19,0,4,35,40,1300,500,45
SIM,22,1,3,2,6,1,3,17,1,4,35,40,200,800,36
SIM,22,1,3,2,7,0,0,17,0,4,32,40,1200,500,45
SIM,22,1,3,2,8,1,0,17,0,4,32,40,300,800,39
SIM,22,1,3,2,9,0,0,17,0,4,29,40,1300,500,45
SIM,22,1,3,2,10,1,3,16,1,3,29,40,200,900,36
SIM,22,1,3,2,11,0,0,19,0,4,26,40,1200,100,45
SIM,22,1,3,2,12,1,0,19,0,4,26,40,300,400,39
SIM,22,1,3,2,13,0,0,19,0,4,23,40,1300,400,45
SIM,22,1,3,2,14,1,3,17,1,4,23,40,200,700,36
SIM,22,1,3,2,15,0,0,17,0,4,20,40,1200,400,45
SIM,22,1,3,2,16,1,0,17,0,4,20,40,300,700,39
SIM,22,1,3,2,17,0,0,17,0,4,17,40,1300,400,45
SIM,22,1,3,2,18,1,3,16,1,3,17,40,200,800,36
SIM,22,1,3,2,19,0,0,19,0,4,14,40,1200,300,45
SIM,22,1,3,2,20,1,0,19,0,4,14,40,300,600,39
SIM,22,1,3,2,21,0,0,19,0,4,11,40,1300,300,45
SIM,22,1,3,2,22,1,3,17,1,4,11,40,200,600,36
SIM,22,1,3,2,23,0,0,17,0,4,8,40,1200,300,45
SIM,22,1,3,2,24,1,0,17,0,4,8,40,300,600,39
SIM,22,1,3,2,25,0,0,17,0,4,5,40,1300,300,45
SIM,22,1,3,2,26,1,3,16,1,3,5,40,200,700,36
SIM,22,1,3,2,27,0,0,19,0,4,2,40,1200,200,45
SIM,22,1,3,2,28,1,0,19,0,4,2,40,300,500,39
SIM_END,22,1,3,2,28,1,0
SIM_DONE
