SIM_END,1,0,0,0,80,1,0
SIM_END,2,0,0,1,80,0,0
SIM_END,3,0,0,2,80,1,0
SIM_END,4,0,0,3,80,0,0
SIM_END,5,0,0,4,80,1,0
SIM_END,6,0,0,5,80,0,0
SIM_END,7,0,0,6,80,1,0
SIM_END,8,0,0,7,80,0,0
SIM_END,9,0,0,8,43,0,0
SIM_END,10,0,0,9,43,1,0
SIM_END,11,0,0,10,80,1,0
SIM_END,12,0,0,11,80,0,0
SIM_END,1,0,0,0,80,1,0
SIM_END,2,0,0,1,80,0,0
SIM_END,3,0,0,2,80,1,0
SIM_END,4,0,0,3,80,0,0
SIM_END,5,0,0,4,80,1,0
SIM_END,6,0,0,5,80,0,0
SIM_END,7,0,0,6,80,1,0
SIM_END,8,0,0,7,80,0,0
SIM_END,9,0,0,8,43,0,0
SIM_END,10,0,0,9,43,1,0
SIM_END,11,0,0,10,80,1,0
SIM_END,12,0,0,11,80,0,0
SIM_END,1,0,0,0,80,1,0
SIM_END,2,0,0,1,80,0,0
SIM_END,3,0,0,2,80,1,0
SIM_END,4,0,0,3,80,0,0
SIM_END,5,0,0,4,80,1,0
SIM_END,6,0,0,5,80,0,0
SIM_END,7,0,0,6,80,1,0
SIM_END,8,0,0,7,80,0,0
SIM_END,9,0,0,8,43,0,0
SIM_END,10,0,0,9,43,1,0
SIM_END,11,0,0,10,80,1,0
SIM_END,12,0,0,11,80,0,0
SIM_END,1,0,0,0,80,1,0
SIM_END,2,0,0,1,80,0,0
SIM_END,3,0,0,2,80,1,0
SIM_END,4,0,0,3,80,0,0
SIM_END,5,0,0,4,80,1,0
SIM_END,6,0,0,5,80,0,0
SIM_END,7,0,0,6,80,1,0
SIM_END,8,0,0,7,80,0,0
SIM_END,9,0,0,8,43,0,0
SIM_END,10,0,0,9,43,1,0
SIM_END,11,0,0,10,80,1,0
SIM_END,12,0,0,11,80,0,0
SIM_END,1,0,0,0,80,1,0
SIM_END,2,0,0,1,80,0,0
SIM_END,3,0,0,2,80,1,0
SIM_END,4,0,0,3,80,0,0
SIM_END,5,0,0,4,80,1,0
SIM_END,6,0,0,5,80,0,0
SIM_END,7,0,0,6,80,1,0
SIM_END,8,0,0,7,80,0,0
SIM_END,9,0,0,8,43,0,0
SIM_END,10,0,0,9,43,1,0
SIM_END,11,0,0,10,80,1,0
SIM_END,12,0,0,11,80,0,0
SIM_END,1,0,0,0,80,1,0
SIM_END,2,0,0,1,80,0,0
SIM_END,3,0,0,2,80,1,0
SIM_END,4,0,0,3,80,0,0
SIM_END,5,0,0,4,80,1,0
SIM_END,6,0,0,5,80,0,0
SIM_END,7,0,0,6,80,1,0
SIM_END,8,0,0,7,80,0,0
SIM_END,9,0,0,8,43,0,0
SIM_END,10,0,0,9,43,1,0
SIM_END,11,0,0,10,80,1,0
SIM_END,12,0,0,11,80,0,0
