SIM_END,1,0,0,0,80,1,0
SIM_END,2,0,0,1,29,1,0
SIM_END,3,0,0,2,29,0,0
SIM_END,4,0,0,3,15,1,0
SIM_END,5,0,0,4,80,1,0
SIM_END,6,0,0,5,23,1,0
SIM_END,7,0,0,6,80,1,0
SIM_END,8,0,0,7,80,0,0
SIM_END,9,0,0,8,19,0,0
SIM_END,10,0,0,9,19,1,0
SIM_END,11,0,0,10,29,0,0
SIM_END,12,0,0,11,29,1,0
SIM_END,13,0,1,0,27,0,0
SIM_END,14,0,1,1,25,0,0
SIM_END,15,0,1,2,27,0,0
SIM_END,16,1,1,0,80,1,0
SIM_END,17,1,1,1,80,1,0
SIM_END,18,1,1,2,80,1,0
SIM_END,19,0,2,0,17,0,0
SIM_END,20,0,2,1,19,0,0
SIM_END,21,0,2,2,17,0,0
SIM_END,22,1,2,0,80,1,0
SIM_END,23,1,2,1,80,1,0
SIM_END,24,1,2,2,80,1,0
SIM_END,25,0,3,0,65,0,0
SIM_END,26,0,3,1,17,0,0
SIM_END,27,0,3,2,59,0,0
SIM_END,28,1,3,0,18,1,0
SIM_END,29,1,3,1,20,1,0
SIM_END,30,1,3,2,18,1,0
