SIM,1,0,0,0,1,0,0,0,0,0,40,40,1000,0,20
SIM,1,0,0,0,2,1,14,0,0,0,40,40,250,1000,17
SIM,1,0,0,0,3,0,14,14,0,0,40,40,1250,250,30
SIM,1,0,0,0,4,1,14,14,0,0,40,40,1250,1250,30
SIM,1,0,0,0,5,0,14,14,0,0,40,40,2150,1250,30
SIM,1,0,0,0,6,1,17,8,1,0,40,40,1650,2150,27
SIM,1,0,0,0,7,0,14,11,0,1,40,40,2550,1650,30
SIM,1,0,0,0,8,1,17,8,1,0,40,40,2050,2550,27
SIM,1,0,0,0,9,0,14,11,0,1,40,40,2950,2050,30
SIM,1,0,0,0,10,1,17,8,1,0,40,40,2450,2950,27
SIM,1,0,0,0,11,0,14,11,0,1,40,40,3350,2450,30
SIM,1,0,0,0,12,1,17,8,1,0,40,40,2850,3350,27
SIM,1,0,0,0,13,0,14,11,0,1,40,40,3750,2850,30
SIM,1,0,0,0,14,1,17,8,1,0,40,40,3250,3750,27
SIM,1,0,0,0,15,0,14,11,0,1,40,40,4150,3250,30
SIM,1,0,0,0,16,1,17,8,1,0,40,40,3650,4150,27
SIM,1,0,0,0,17,0,14,11,0,1,40,40,4550,3650,30
SIM,1,0,0,0,18,1,17,8,1,0,40,40,4050,4550,27
SIM,1,0,0,0,19,0,14,11,0,1,40,40,4950,4050,30
SIM,1,0,0,0,20,1,17,8,1,0,40,40,4450,4950,27
SIM,1,0,0,0,21,0,14,11,0,1,40,40,5350,4450,30
SIM,1,0,0,0,22,1,17,8,1,0,40,40,4850,5350,27
SIM,1,0,0,0,23,0,14,11,0,1,40,40,5750,4850,30
SIM,1,0,0,0,24,1,17,8,1,0,40,40,5250,5750,27
SIM,1,0,0,0,25,0,14,11,0,1,40,40,6150,5250,30
SIM,1,0,0,0,26,1,17,8,1,0,40,40,5650,6150,27
SIM,1,0,0,0,27,0,14,11,0,1,40,40,6550,5650,30
SIM,1,0,0,0,28,1,17,8,1,0,40,40,6050,6550,27
SIM,1,0,0,0,29,0,14,11,0,1,40,40,6950,6050,30
SIM,1,0,0,0,30,1,17,8,1,0,40,40,6450,6950,27
SIM,1,0,0,0,31,0,14,11,0,1,40,40,7350,6450,30
SIM,1,0,0,0,32,1,17,8,1,0,40,40,6850,7350,27
SIM,1,0,0,0,33,0,14,11,0,1,40,40,7750,6850,30
SIM,1,0,0,0,34,1,17,8,1,0,40,40,7250,7750,27
SIM,1,0,0,0,35,0,14,11,0,1,40,40,8150,7250,30
SIM,1,0,0,0,36,1,17,8,1,0,40,40,7650,8150,27
SIM,1,0,0,0,37,0,14,11,0,1,40,40,8550,7650,30
SIM,1,0,0,0,38,1,17,8,1,0,40,40,8050,8550,27
SIM,1,0,0,0,39,0,14,11,0,1,40,40,8950,8050,30
SIM,1,0,0,0,40,1,17,8,1,0,40,40,8450,8950,27
SIM,1,0,0,0,41,0,14,11,0,1,40,40,9350,8450,30
SIM,1,0,0,0,42,1,17,8,1,0,40,40,8850,9350,27
SIM,1,0,0,0,43,0,14,11,0,1,40,40,9750,8850,30
SIM,1,0,0,0,44,1,17,8,1,0,40,40,9250,9750,27
SIM,1,0,0,0,45,0,14,11,0,1,40,40,10150,9250,30
SIM,1,0,0,0,46,1,17,8,1,0,40,40,9650,10150,27
SIM,1,0,0,0,47,0,14,11,0,1,40,40,10550,9650,30
SIM,1,0,0,0,48,1,17,8,1,0,40,40,10050,10550,27
SIM,1,0,0,0,49,0,14,11,0,1,40,40,10950,10050,30
SIM,1,0,0,0,50,1,17,8,1,0,40,40,10450,10950,27
SIM,1,0,0,0,51,0,14,11,0,1,40,40,11350,10450,30
SIM,1,0,0,0,52,1,17,8,1,0,40,40,10850,11350,27
SIM,1,0,0,0,53,0,14,11,0,1,40,40,11750,10850,30
SIM,1,0,0,0,54,1,17,8,1,0,40,40,11250,11750,27
SIM,1,0,0,0,55,0,14,11,0,1,40,40,12150,11250,30
SIM,1,0,0,0,56,1,17,8,1,0,40,40,11650,12150,27
SIM,1,0,0,0,57,0,14,11,0,1,40,40,12550,11650,30
SIM,1,0,0,0,58,1,17,8,1,0,40,40,12050,12550,27
SIM,1,0,0,0,59,0,14,11,0,1,40,40,12950,12050,30
SIM,1,0,0,0,60,1,17,8,1,0,40,40,12450,12950,27
SIM,1,0,0,0,61,0,14,11,0,1,40,40,13350,12450,30
SIM,1,0,0,0,62,1,17,8,1,0,40,40,12850,13350,27
SIM,1,0,0,0,63,0,14,11,0,1,40,40,13750,12850,30
SIM,1,0,0,0,64,1,17,8,1,0,40,40,13250,13750,27
SIM,1,0,0,0,65,0,14,11,0,1,40,40,14150,13250,30
SIM,1,0,0,0,66,1,17,8,1,0,40,40,13650,14150,27
SIM,1,0,0,0,67,0,14,11,0,1,40,40,14550,13650,30
SIM,1,0,0,0,68,1,17,8,1,0,40,40,14050,14550,27
SIM,1,0,0,0,69,0,14,11,0,1,40,40,14950,14050,30
SIM,1,0,0,0,70,1,17,8,1,0,40,40,14450,14950,27
SIM,1,0,0,0,71,0,14,11,0,1,40,40,15350,14450,30
SIM,1,0,0,0,72,1,17,8,1,0,40,40,14850,15350,27
SIM,1,0,0,0,73,0,14,11,0,1,40,40,15750,14850,30
SIM,1,0,0,0,74,1,17,8,1,0,40,40,15250,15750,27
SIM,1,0,0,0,75,0,14,11,0,1,40,40,16150,15250,30
SIM,1,0,0,0,76,1,17,8,1,0,40,40,15650,16150,27
SIM,1,0,0,0,77,0,14,11,0,1,40,40,16550,15650,30
SIM,1,0,0,0,78,1,17,8,1,0,40,40,16050,16550,27
SIM,1,0,0,0,79,0,14,11,0,1,40,40,16950,16050,30
SIM,1,0,0,0,80,1,17,8,1,0,40,40,16450,16950,27
SIM,1,0,0,0,81,0,14,11,0,1,40,40,17350,16450,30
SIM,1,0,0,0,82,1,17,8,1,0,40,40,16850,17350,27
SIM,1,0,0,0,83,0,14,11,0,1,40,40,17750,16850,30
SIM,1,0,0,0,84,1,17,8,1,0,40,40,17250,17750,27
SIM,1,0,0,0,85,0,14,11,0,1,40,40,18150,17250,30
SIM,1,0,0,0,86,1,17,8,1,0,40,40,17650,18150,27
SIM,1,0,0,0,87,0,14,11,0,1,40,40,18550,17650,30
SIM,1,0,0,0,88,1,17,8,1,0,40,40,18050,18550,27
SIM,1,0,0,0,89,0,14,11,0,1,40,40,18950,18050,30
SIM,1,0,0,0,90,1,17,8,1,0,40,40,18450,18950,27
SIM,1,0,0,0,91,0,14,11,0,1,40,40,19350,18450,30
SIM,1,0,0,0,92,1,17,8,1,0,40,40,18850,19350,27
SIM,1,0,0,0,93,0,14,11,0,1,40,40,19750,18850,30
SIM,1,0,0,0,94,1,17,8,1,0,40,40,19250,19750,27
SIM,1,0,0,0,95,0,14,11,0,1,40,40,20150,19250,30
SIM,1,0,0,0,96,1,17,8,1,0,40,40,19650,20150,27
SIM,1,0,0,0,97,0,14,11,0,1,40,40,20550,19650,30
SIM,1,0,0,0,98,1,17,8,1,0,40,40,20050,20550,27
SIM,1,0,0,0,99,0,14,11,0,1,40,40,20950,20050,30
SIM,1,0,0,0,100,1,17,8,1,0,40,40,20450,20950,27
SIM,1,0,0,0,101,0,14,11,0,1,40,40,21350,20450,30
SIM,1,0,0,0,102,1,17,8,1,0,40,40,20850,21350,27
SIM,1,0,0,0,103,0,14,11,0,1,40,40,21750,20850,30
SIM,1,0,0,0,104,1,17,8,1,0,40,40,21250,21750,27
SIM,1,0,0,0,105,0,14,11,0,1,40,40,22150,21250,30
SIM,1,0,0,0,106,1,17,8,1,0,40,40,21650,22150,27
SIM,1,0,0,0,107,0,14,11,0,1,40,40,22550,21650,30
SIM,1,0,0,0,108,1,17,8,1,0,40,40,22050,22550,27
SIM,1,0,0,0,109,0,14,11,0,1,40,40,22950,22050,30
SIM,1,0,0,0,110,1,17,8,1,0,40,40,22450,22950,27
SIM,1,0,0,0,111,0,14,11,0,1,40,40,23350,22450,30
SIM,1,0,0,0,112,1,17,8,1,0,40,40,22850,23350,27
SIM,1,0,0,0,113,0,14,11,0,1,40,40,23750,22850,30
SIM,1,0,0,0,114,1,17,8,1,0,40,40,23250,23750,27
SIM,1,0,0,0,115,0,14,11,0,1,40,40,24150,23250,30
SIM,1,0,0,0,116,1,17,8,1,0,40,40,23650,24150,27
SIM,1,0,0,0,117,0,14,11,0,1,40,40,24550,23650,30
SIM,1,0,0,0,118,1,17,8,1,0,40,40,24050,24550,27
SIM,1,0,0,0,119,0,14,11,0,1,40,40,24950,24050,30
SIM,1,0,0,0,120,1,17,8,1,0,40,40,24450,24950,27
SIM,2,0,0,1,1,1,6,6,1,1,40,40,0,1000,0
SIM,2,0,0,1,2,0,3,20,1,1,40,40,800,250,20
SIM,2,0,0,1,3,1,17,17,1,1,40,40,50,1050,15
SIM,2,0,0,1,4,0,14,17,0,1,40,40,1050,1050,30
SIM,2,0,0,1,5,1,14,17,0,1,40,40,1050,1750,30
SIM,2,0,0,1,6,0,11,20,0,2,36,40,1950,1250,30
SIM,2,0,0,1,7,1,14,17,1,1,36,40,1450,1950,27
SIM,2,0,0,1,8,0,11,20,0,2,32,40,2350,1450,30
SIM,2,0,0,1,9,1,14,17,1,1,32,40,1850,2150,27
SIM,2,0,0,1,10,0,11,20,0,2,32,40,2750,1650,30
SIM,2,0,0,1,11,1,14,17,1,1,32,40,2250,2350,27
SIM,2,0,0,1,12,0,11,20,0,2,28,40,3150,1850,30
SIM,2,0,0,1,13,1,14,17,1,1,28,40,2650,2550,27
SIM,2,0,0,1,14,0,11,20,0,2,24,40,3550,2050,30
SIM,2,0,0,1,15,1,14,17,1,1,24,40,3050,2750,27
SIM,2,0,0,1,16,0,11,20,0,2,24,40,3950,2250,30
SIM,2,0,0,1,17,1,14,17,1,1,24,40,3450,2950,27
SIM,2,0,0,1,18,0,11,20,0,2,20,40,4350,2450,30
SIM,2,0,0,1,19,1,14,17,1,1,20,40,3850,3150,27
SIM,2,0,0,1,20,0,11,20,0,2,16,40,4750,2650,30
SIM,2,0,0,1,21,1,14,17,1,1,16,40,4250,3350,27
SIM,2,0,0,1,22,0,11,20,0,2,16,40,5150,2850,30
SIM,2,0,0,1,23,1,14,17,1,1,16,40,4650,3550,27
SIM,2,0,0,1,24,0,11,20,0,2,12,40,5550,3050,30
SIM,2,0,0,1,25,1,14,17,1,1,12,40,5050,3750,27
SIM,2,0,0,1,26,0,11,20,0,2,8,40,5950,3250,30
SIM,2,0,0,1,27,1,14,17,1,1,8,40,5450,3950,27
SIM,2,0,0,1,28,0,11,20,0,2,8,40,6350,3450,30
SIM,2,0,0,1,29,1,14,17,1,1,8,40,5850,4150,27
SIM,2,0,0,1,30,0,11,20,0,2,4,40,6750,3650,30
SIM,2,0,0,1,31,1,14,17,1,1,4,40,6250,4350,27
SIM,3,0,0,2,1,0,6,6,1,1,40,40,1000,0,20
SIM,3,0,0,2,2,1,20,3,1,1,40,40,250,800,13
SIM,3,0,0,2,3,0,17,17,1,1,40,40,1050,50,30
SIM,3,0,0,2,4,1,17,14,1,0,40,40,1050,1050,28
SIM,3,0,0,2,5,0,17,14,1,0,40,40,1750,1050,30
SIM,3,0,0,2,6,1,20,11,2,0,40,36,1250,1950,5
SIM,3,0,0,2,7,0,17,14,1,1,40,36,1950,1450,25
SIM,3,0,0,2,8,1,20,11,2,0,40,32,1450,2350,0
SIM,3,0,0,2,9,0,17,14,1,1,40,32,2150,1850,20
SIM,3,0,0,2,10,1,20,11,2,0,40,32,1650,2750,9
SIM,3,0,0,2,11,0,17,14,1,1,40,32,2350,2250,29
SIM,3,0,0,2,12,1,20,11,2,0,40,28,1850,3150,8
SIM,3,0,0,2,13,0,17,14,1,1,40,28,2550,2650,28
SIM,3,0,0,2,14,1,20,11,2,0,40,24,2050,3550,3
SIM,3,0,0,2,15,0,17,14,1,1,40,24,2750,3050,23
SIM,3,0,0,2,16,1,20,11,2,0,40,24,2250,3950,12
SIM,3,0,0,2,17,0,17,14,1,1,40,24,2950,3450,30
SIM,3,0,0,2,18,1,20,11,2,0,40,20,2450,4350,9
SIM,3,0,0,2,19,0,17,14,1,1,40,20,3150,3850,29
SIM,3,0,0,2,20,1,20,11,2,0,40,16,2650,4750,4
SIM,3,0,0,2,21,0,17,14,1,1,40,16,3350,4250,24
SIM,3,0,0,2,22,1,20,11,2,0,40,16,2850,5150,13
SIM,3,0,0,2,23,0,17,14,1,1,40,16,3550,4650,30
SIM,3,0,0,2,24,1,20,11,2,0,40,12,3050,5550,9
SIM,3,0,0,2,25,0,17,14,1,1,40,12,3750,5050,29
SIM,3,0,0,2,26,1,20,11,2,0,40,8,3250,5950,4
SIM,3,0,0,2,27,0,17,14,1,1,40,8,3950,5450,24
SIM,3,0,0,2,28,1,20,11,2,0,40,8,3450,6350,13
SIM,3,0,0,2,29,0,17,14,1,1,40,8,4150,5850,30
SIM,3,0,0,2,30,1,20,11,2,0,40,4,3650,6750,9
SIM,3,0,0,2,31,0,17,14,1,1,40,4,4350,6250,29
SIM,4,0,0,3,1,1,6,6,1,1,40,40,0,1000,0
SIM,4,0,0,3,2,0,3,20,1,1,40,40,800,250,20
SIM,4,0,0,3,3,1,17,17,1,1,40,40,50,1050,15
SIM,4,0,0,3,4,0,14,17,0,1,40,40,1050,1050,30
SIM,4,0,0,3,5,1,14,17,0,1,40,40,1050,1750,30
SIM,4,0,0,3,6,0,5,20,0,2,40,40,1950,1250,30
SIM,4,0,0,3,7,1,8,17,1,1,40,40,1450,1950,27
SIM,4,0,0,3,8,0,0,20,0,2,40,40,2450,1450,30
SIM,4,0,0,3,9,1,14,20,0,2,40,40,1700,1950,27
SIM,4,0,0,3,10,0,11,23,0,3,32,40,2700,1450,30
SIM,4,0,0,3,11,1,11,23,0,3,32,40,2700,1750,30
SIM,4,0,0,3,12,0,8,26,0,4,24,40,3600,1250,30
SIM,4,0,0,3,13,1,11,23,1,3,24,40,3100,1550,27
SIM,4,0,0,3,14,0,2,26,0,4,16,40,4000,1050,30
SIM,4,0,0,3,15,1,5,23,1,3,16,40,3500,1350,27
SIM,4,0,0,3,16,0,0,26,0,4,8,40,4500,850,30
SIM,4,0,0,3,17,1,14,26,0,4,8,40,3750,950,27
SIM,5,0,0,4,1,0,6,6,1,1,40,40,1000,0,20
SIM,5,0,0,4,2,1,20,6,1,1,40,40,250,800,17
SIM,5,0,0,4,3,0,17,20,1,1,40,40,1050,50,30
SIM,5,0,0,4,4,1,17,17,1,1,40,40,1050,850,28
SIM,5,0,0,4,5,0,14,17,0,1,40,40,1950,850,30
SIM,5,0,0,4,6,1,17,14,1,0,40,40,1450,1750,25
SIM,5,0,0,4,7,0,14,17,0,1,40,40,2350,1250,30
SIM,5,0,0,4,8,1,17,14,1,0,40,40,1850,2150,25
SIM,5,0,0,4,9,0,14,17,0,1,40,40,2750,1650,30
SIM,5,0,0,4,10,1,17,14,1,0,40,40,2250,2550,25
SIM,5,0,0,4,11,0,14,17,0,1,40,40,3150,2050,30
SIM,5,0,0,4,12,1,17,14,1,0,40,40,2650,2950,25
SIM,5,0,0,4,13,0,14,17,0,1,40,40,3550,2450,30
SIM,5,0,0,4,14,1,17,14,1,0,40,40,3050,3350,25
SIM,5,0,0,4,15,0,14,17,0,1,40,40,3950,2850,30
SIM,5,0,0,4,16,1,17,14,1,0,40,40,3450,3750,25
SIM,5,0,0,4,17,0,14,17,0,1,40,40,4350,3250,30
SIM,5,0,0,4,18,1,17,14,1,0,40,40,3850,4150,25
SIM,5,0,0,4,19,0,14,17,0,1,40,40,4750,3650,30
SIM,5,0,0,4,20,1,17,14,1,0,40,40,4250,4550,25
SIM,5,0,0,4,21,0,14,17,0,1,40,40,5150,4050,30
SIM,5,0,0,4,22,1,17,14,1,0,40,40,4650,4950,25
SIM,5,0,0,4,23,0,14,17,0,1,40,40,5550,4450,30
SIM,5,0,0,4,24,1,17,14,1,0,40,40,5050,5350,25
SIM,5,0,0,4,25,0,14,17,0,1,40,40,5950,4850,30
SIM,5,0,0,4,26,1,17,14,1,0,40,40,5450,5750,25
SIM,5,0,0,4,27,0,14,17,0,1,40,40,6350,5250,30
SIM,5,0,0,4,28,1,17,14,1,0,40,40,5850,6150,25
SIM,5,0,0,4,29,0,14,17,0,1,40,40,6750,5650,30
SIM,5,0,0,4,30,1,17,14,1,0,40,40,6250,6550,25
SIM,5,0,0,4,31,0,14,17,0,1,40,40,7150,6050,30
SIM,5,0,0,4,32,1,17,14,1,0,40,40,6650,6950,25
SIM,5,0,0,4,33,0,14,17,0,1,40,40,7550,6450,30
SIM,5,0,0,4,34,1,17,14,1,0,40,40,7050,7350,25
SIM,5,0,0,4,35,0,14,17,0,1,40,40,7950,6850,30
SIM,5,0,0,4,36,1,17,14,1,0,40,40,7450,7750,25
SIM,5,0,0,4,37,0,14,17,0,1,40,40,8350,7250,30
SIM,5,0,0,4,38,1,17,14,1,0,40,40,7850,8150,25
SIM,5,0,0,4,39,0,14,17,0,1,40,40,8750,7650,30
SIM,5,0,0,4,40,1,17,14,1,0,40,40,8250,8550,25
SIM,5,0,0,4,41,0,14,17,0,1,40,40,9150,8050,30
SIM,5,0,0,4,42,1,17,14,1,0,40,40,8650,8950,25
SIM,5,0,0,4,43,0,14,17,0,1,40,40,9550,8450,30
SIM,5,0,0,4,44,1,17,14,1,0,40,40,9050,9350,25
SIM,5,0,0,4,45,0,14,17,0,1,40,40,9950,8850,30
SIM,5,0,0,4,46,1,17,14,1,0,40,40,9450,9750,25
SIM,5,0,0,4,47,0,14,17,0,1,40,40,10350,9250,30
SIM,5,0,0,4,48,1,17,14,1,0,40,40,9850,10150,25
SIM,5,0,0,4,49,0,14,17,0,1,40,40,10750,9650,30
SIM,5,0,0,4,50,1,17,14,1,0,40,40,10250,10550,25
SIM,5,0,0,4,51,0,14,17,0,1,40,40,11150,10050,30
SIM,5,0,0,4,52,1,17,14,1,0,40,40,10650,10950,25
SIM,5,0,0,4,53,0,14,17,0,1,40,40,11550,10450,30
SIM,5,0,0,4,54,1,17,14,1,0,40,40,11050,11350,25
SIM,5,0,0,4,55,0,14,17,0,1,40,40,11950,10850,30
SIM,5,0,0,4,56,1,17,14,1,0,40,40,11450,11750,25
SIM,5,0,0,4,57,0,14,17,0,1,40,40,12350,11250,30
SIM,5,0,0,4,58,1,17,14,1,0,40,40,11850,12150,25
SIM,5,0,0,4,59,0,14,17,0,1,40,40,12750,11650,30
SIM,5,0,0,4,60,1,17,14,1,0,40,40,12250,12550,25
SIM,5,0,0,4,61,0,14,17,0,1,40,40,13150,12050,30
SIM,5,0,0,4,62,1,17,14,1,0,40,40,12650,12950,25
SIM,5,0,0,4,63,0,14,17,0,1,40,40,13550,12450,30
SIM,5,0,0,4,64,1,17,14,1,0,40,40,13050,13350,25
SIM,5,0,0,4,65,0,14,17,0,1,40,40,13950,12850,30
SIM,5,0,0,4,66,1,17,14,1,0,40,40,13450,13750,25
SIM,5,0,0,4,67,0,14,17,0,1,40,40,14350,13250,30
SIM,5,0,0,4,68,1,17,14,1,0,40,40,13850,14150,25
SIM,5,0,0,4,69,0,14,17,0,1,40,40,14750,13650,30
SIM,5,0,0,4,70,1,17,14,1,0,40,40,14250,14550,25
SIM,5,0,0,4,71,0,14,17,0,1,40,40,15150,14050,30
SIM,5,0,0,4,72,1,17,14,1,0,40,40,14650,14950,25
SIM,5,0,0,4,73,0,14,17,0,1,40,40,15550,14450,30
SIM,5,0,0,4,74,1,17,14,1,0,40,40,15050,15350,25
SIM,5,0,0,4,75,0,14,17,0,1,40,40,15950,14850,30
SIM,5,0,0,4,76,1,17,14,1,0,40,40,15450,15750,25
SIM,5,0,0,4,77,0,14,17,0,1,40,40,16350,15250,30
SIM,5,0,0,4,78,1,17,14,1,0,40,40,15850,16150,25
SIM,5,0,0,4,79,0,14,17,0,1,40,40,16750,15650,30
SIM,5,0,0,4,80,1,17,14,1,0,40,40,16250,16550,25
SIM,5,0,0,4,81,0,14,17,0,1,40,40,17150,16050,30
SIM,5,0,0,4,82,1,17,14,1,0,40,40,16650,16950,25
SIM,5,0,0,4,83,0,14,17,0,1,40,40,17550,16450,30
SIM,5,0,0,4,84,1,17,14,1,0,40,40,17050,17350,25
SIM,5,0,0,4,85,0,14,17,0,1,40,40,17950,16850,30
SIM,5,0,0,4,86,1,17,14,1,0,40,40,17450,17750,25
SIM,5,0,0,4,87,0,14,17,0,1,40,40,18350,17250,30
SIM,5,0,0,4,88,1,17,14,1,0,40,40,17850,18150,25
SIM,5,0,0,4,89,0,14,17,0,1,40,40,18750,17650,30
SIM,5,0,0,4,90,1,17,14,1,0,40,40,18250,18550,25
SIM,5,0,0,4,91,0,14,17,0,1,40,40,19150,18050,30
SIM,5,0,0,4,92,1,17,14,1,0,40,40,18650,18950,25
SIM,5,0,0,4,93,0,14,17,0,1,40,40,19550,18450,30
SIM,5,0,0,4,94,1,17,14,1,0,40,40,19050,19350,25
SIM,5,0,0,4,95,0,14,17,0,1,40,40,19950,18850,30
SIM,5,0,0,4,96,1,17,14,1,0,40,40,19450,19750,25
SIM,5,0,0,4,97,0,14,17,0,1,40,40,20350,19250,30
SIM,5,0,0,4,98,1,17,14,1,0,40,40,19850,20150,25
SIM,5,0,0,4,99,0,14,17,0,1,40,40,20750,19650,30
SIM,5,0,0,4,100,1,17,14,1,0,40,40,20250,20550,25
SIM,5,0,0,4,101,0,14,17,0,1,40,40,21150,20050,30
SIM,5,0,0,4,102,1,17,14,1,0,40,40,20650,20950,25
SIM,5,0,0,4,103,0,14,17,0,1,40,40,21550,20450,30
SIM,5,0,0,4,104,1,17,14,1,0,40,40,21050,21350,25
SIM,5,0,0,4,105,0,14,17,0,1,40,40,21950,20850,30
SIM,5,0,0,4,106,1,17,14,1,0,40,40,21450,21750,25
SIM,5,0,0,4,107,0,14,17,0,1,40,40,22350,21250,30
SIM,5,0,0,4,108,1,17,14,1,0,40,40,21850,22150,25
SIM,5,0,0,4,109,0,14,17,0,1,40,40,22750,21650,30
SIM,5,0,0,4,110,1,17,14,1,0,40,40,22250,22550,25
SIM,5,0,0,4,111,0,14,17,0,1,40,40,23150,22050,30
SIM,5,0,0,4,112,1,17,14,1,0,40,40,22650,22950,25
SIM,5,0,0,4,113,0,14,17,0,1,40,40,23550,22450,30
SIM,5,0,0,4,114,1,17,14,1,0,40,40,23050,23350,25
SIM,5,0,0,4,115,0,14,17,0,1,40,40,23950,22850,30
SIM,5,0,0,4,116,1,17,14,1,0,40,40,23450,23750,25
SIM,5,0,0,4,117,0,14,17,0,1,40,40,24350,23250,30
SIM,5,0,0,4,118,1,17,14,1,0,40,40,23850,24150,25
SIM,5,0,0,4,119,0,14,17,0,1,40,40,24750,23650,30
SIM,5,0,0,4,120,1,17,14,1,0,40,40,24250,24550,25
SIM,6,0,0,5,1,1,6,6,1,1,40,40,0,1000,0
SIM,6,0,0,5,2,0,3,20,1,1,40,40,800,250,20
SIM,6,0,0,5,3,1,17,17,1,1,40,40,50,1050,15
SIM,6,0,0,5,4,0,14,17,0,1,40,40,1050,1050,30
SIM,6,0,0,5,5,1,14,17,0,1,40,40,1050,1750,30
SIM,6,0,0,5,6,0,14,20,0,2,36,40,1950,1250,30
SIM,6,0,0,5,7,1,17,17,1,1,36,40,1450,1950,27
SIM,6,0,0,5,8,0,14,20,0,2,32,40,2350,1450,30
SIM,6,0,0,5,9,1,17,17,1,1,32,40,1850,2150,27
SIM,6,0,0,5,10,0,14,20,0,2,28,40,2750,1650,30
SIM,6,0,0,5,11,1,17,17,1,1,28,40,2250,2350,27
SIM,6,0,0,5,12,0,14,20,0,2,24,40,3150,1850,30
SIM,6,0,0,5,13,1,17,17,1,1,24,40,2650,2550,27
SIM,6,0,0,5,14,0,14,20,0,2,20,40,3550,2050,30
SIM,6,0,0,5,15,1,17,17,1,1,20,40,3050,2750,27
SIM,6,0,0,5,16,0,14,20,0,2,16,40,3950,2250,30
SIM,6,0,0,5,17,1,17,17,1,1,16,40,3450,2950,27
SIM,6,0,0,5,18,0,14,20,0,2,12,40,4350,2450,30
SIM,6,0,0,5,19,1,17,17,1,1,12,40,3850,3150,27
SIM,6,0,0,5,20,0,14,20,0,2,8,40,4750,2650,30
SIM,6,0,0,5,21,1,17,17,1,1,8,40,4250,3350,27
SIM,6,0,0,5,22,0,14,20,0,2,4,40,5150,2850,30
SIM,6,0,0,5,23,1,17,17,1,1,4,40,4650,3550,27
SIM,7,0,0,6,1,0,6,6,1,1,40,40,1000,0,20
SIM,7,0,0,6,2,1,20,6,1,1,40,40,250,800,17
SIM,7,0,0,6,3,0,17,20,1,1,40,40,1050,50,30
SIM,7,0,0,6,4,1,17,17,1,1,40,40,1050,850,28
SIM,7,0,0,6,5,0,14,17,0,1,40,40,1950,850,30
SIM,7,0,0,6,6,1,17,14,1,0,40,40,1450,1750,27
SIM,7,0,0,6,7,0,14,17,0,1,40,40,2350,1250,30
SIM,7,0,0,6,8,1,17,14,1,0,40,40,1850,2150,27
SIM,7,0,0,6,9,0,14,17,0,1,40,40,2750,1650,30
SIM,7,0,0,6,10,1,17,14,1,0,40,40,2250,2550,27
SIM,7,0,0,6,11,0,14,17,0,1,40,40,3150,2050,30
SIM,7,0,0,6,12,1,17,14,1,0,40,40,2650,2950,27
SIM,7,0,0,6,13,0,14,17,0,1,40,40,3550,2450,30
SIM,7,0,0,6,14,1,17,14,1,0,40,40,3050,3350,27
SIM,7,0,0,6,15,0,14,17,0,1,40,40,3950,2850,30
SIM,7,0,0,6,16,1,17,14,1,0,40,40,3450,3750,27
SIM,7,0,0,6,17,0,14,17,0,1,40,40,4350,3250,30
SIM,7,0,0,6,18,1,17,14,1,0,40,40,3850,4150,27
SIM,7,0,0,6,19,0,14,17,0,1,40,40,4750,3650,30
SIM,7,0,0,6,20,1,17,14,1,0,40,40,4250,4550,27
SIM,7,0,0,6,21,0,14,17,0,1,40,40,5150,4050,30
SIM,7,0,0,6,22,1,17,14,1,0,40,40,4650,4950,27
SIM,7,0,0,6,23,0,14,17,0,1,40,40,5550,4450,30
SIM,7,0,0,6,24,1,17,14,1,0,40,40,5050,5350,27
SIM,7,0,0,6,25,0,14,17,0,1,40,40,5950,4850,30
SIM,7,0,0,6,26,1,17,14,1,0,40,40,5450,5750,27
SIM,7,0,0,6,27,0,14,17,0,1,40,40,6350,5250,30
SIM,7,0,0,6,28,1,17,14,1,0,40,40,5850,6150,27
SIM,7,0,0,6,29,0,14,17,0,1,40,40,6750,5650,30
SIM,7,0,0,6,30,1,17,14,1,0,40,40,6250,6550,27
SIM,7,0,0,6,31,0,14,17,0,1,40,40,7150,6050,30
SIM,7,0,0,6,32,1,17,14,1,0,40,40,6650,6950,27
SIM,7,0,0,6,33,0,14,17,0,1,40,40,7550,6450,30
SIM,7,0,0,6,34,1,17,14,1,0,40,40,7050,7350,27
SIM,7,0,0,6,35,0,14,17,0,1,40,40,7950,6850,30
SIM,7,0,0,6,36,1,17,14,1,0,40,40,7450,7750,27
SIM,7,0,0,6,37,0,14,17,0,1,40,40,8350,7250,30
SIM,7,0,0,6,38,1,17,14,1,0,40,40,7850,8150,27
SIM,7,0,0,6,39,0,14,17,0,1,40,40,8750,7650,30
SIM,7,0,0,6,40,1,17,14,1,0,40,40,8250,8550,27
SIM,7,0,0,6,41,0,14,17,0,1,40,40,9150,8050,30
SIM,7,0,0,6,42,1,17,14,1,0,40,40,8650,8950,27
SIM,7,0,0,6,43,0,14,17,0,1,40,40,9550,8450,30
SIM,7,0,0,6,44,1,17,14,1,0,40,40,9050,9350,27
SIM,7,0,0,6,45,0,14,17,0,1,40,40,9950,8850,30
SIM,7,0,0,6,46,1,17,14,1,0,40,40,9450,9750,27
SIM,7,0,0,6,47,0,14,17,0,1,40,40,10350,9250,30
SIM,7,0,0,6,48,1,17,14,1,0,40,40,9850,10150,27
SIM,7,0,0,6,49,0,14,17,0,1,40,40,10750,9650,30
SIM,7,0,0,6,50,1,17,14,1,0,40,40,10250,10550,27
SIM,7,0,0,6,51,0,14,17,0,1,40,40,11150,10050,30
SIM,7,0,0,6,52,1,17,14,1,0,40,40,10650,10950,27
SIM,7,0,0,6,53,0,14,17,0,1,40,40,11550,10450,30
SIM,7,0,0,6,54,1,17,14,1,0,40,40,11050,11350,27
SIM,7,0,0,6,55,0,14,17,0,1,40,40,11950,10850,30
SIM,7,0,0,6,56,1,17,14,1,0,40,40,11450,11750,27
SIM,7,0,0,6,57,0,14,17,0,1,40,40,12350,11250,30
SIM,7,0,0,6,58,1,17,14,1,0,40,40,11850,12150,27
SIM,7,0,0,6,59,0,14,17,0,1,40,40,12750,11650,30
SIM,7,0,0,6,60,1,17,14,1,0,40,40,12250,12550,27
SIM,7,0,0,6,61,0,14,17,0,1,40,40,13150,12050,30
SIM,7,0,0,6,62,1,17,14,1,0,40,40,12650,12950,27
SIM,7,0,0,6,63,0,14,17,0,1,40,40,13550,12450,30
SIM,7,0,0,6,64,1,17,14,1,0,40,40,13050,13350,27
SIM,7,0,0,6,65,0,14,17,0,1,40,40,13950,12850,30
SIM,7,0,0,6,66,1,17,14,1,0,40,40,13450,13750,27
SIM,7,0,0,6,67,0,14,17,0,1,40,40,14350,13250,30
SIM,7,0,0,6,68,1,17,14,1,0,40,40,13850,14150,27
SIM,7,0,0,6,69,0,14,17,0,1,40,40,14750,13650,30
SIM,7,0,0,6,70,1,17,14,1,0,40,40,14250,14550,27
SIM,7,0,0,6,71,0,14,17,0,1,40,40,15150,14050,30
SIM,7,0,0,6,72,1,17,14,1,0,40,40,14650,14950,27
SIM,7,0,0,6,73,0,14,17,0,1,40,40,15550,14450,30
SIM,7,0,0,6,74,1,17,14,1,0,40,40,15050,15350,27
SIM,7,0,0,6,75,0,14,17,0,1,40,40,15950,14850,30
SIM,7,0,0,6,76,1,17,14,1,0,40,40,15450,15750,27
SIM,7,0,0,6,77,0,14,17,0,1,40,40,16350,15250,30
SIM,7,0,0,6,78,1,17,14,1,0,40,40,15850,16150,27
SIM,7,0,0,6,79,0,14,17,0,1,40,40,16750,15650,30
SIM,7,0,0,6,80,1,17,14,1,0,40,40,16250,16550,27
SIM,7,0,0,6,81,0,14,17,0,1,40,40,17150,16050,30
SIM,7,0,0,6,82,1,17,14,1,0,40,40,16650,16950,27
SIM,7,0,0,6,83,0,14,17,0,1,40,40,17550,16450,30
SIM,7,0,0,6,84,1,17,14,1,0,40,40,17050,17350,27
SIM,7,0,0,6,85,0,14,17,0,1,40,40,17950,16850,30
SIM,7,0,0,6,86,1,17,14,1,0,40,40,17450,17750,27
SIM,7,0,0,6,87,0,14,17,0,1,40,40,18350,17250,30
SIM,7,0,0,6,88,1,17,14,1,0,40,40,17850,18150,27
SIM,7,0,0,6,89,0,14,17,0,1,40,40,18750,17650,30
SIM,7,0,0,6,90,1,17,14,1,0,40,40,18250,18550,27
SIM,7,0,0,6,91,0,14,17,0,1,40,40,19150,18050,30
SIM,7,0,0,6,92,1,17,14,1,0,40,40,18650,18950,27
SIM,7,0,0,6,93,0,14,17,0,1,40,40,19550,18450,30
SIM,7,0,0,6,94,1,17,14,1,0,40,40,19050,19350,27
SIM,7,0,0,6,95,0,14,17,0,1,40,40,19950,18850,30
SIM,7,0,0,6,96,1,17,14,1,0,40,40,19450,19750,27
SIM,7,0,0,6,97,0,14,17,0,1,40,40,20350,19250,30
SIM,7,0,0,6,98,1,17,14,1,0,40,40,19850,20150,27
SIM,7,0,0,6,99,0,14,17,0,1,40,40,20750,19650,30
SIM,7,0,0,6,100,1,17,14,1,0,40,40,20250,20550,27
SIM,7,0,0,6,101,0,14,17,0,1,40,40,21150,20050,30
SIM,7,0,0,6,102,1,17,14,1,0,40,40,20650,20950,27
SIM,7,0,0,6,103,0,14,17,0,1,40,40,21550,20450,30
SIM,7,0,0,6,104,1,17,14,1,0,40,40,21050,21350,27
SIM,7,0,0,6,105,0,14,17,0,1,40,40,21950,20850,30
SIM,7,0,0,6,106,1,17,14,1,0,40,40,21450,21750,27
SIM,7,0,0,6,107,0,14,17,0,1,40,40,22350,21250,30
SIM,7,0,0,6,108,1,17,14,1,0,40,40,21850,22150,27
SIM,7,0,0,6,109,0,14,17,0,1,40,40,22750,21650,30
SIM,7,0,0,6,110,1,17,14,1,0,40,40,22250,22550,27
SIM,7,0,0,6,111,0,14,17,0,1,40,40,23150,22050,30
SIM,7,0,0,6,112,1,17,14,1,0,40,40,22650,22950,27
SIM,7,0,0,6,113,0,14,17,0,1,40,40,23550,22450,30
SIM,7,0,0,6,114,1,17,14,1,0,40,40,23050,23350,27
SIM,7,0,0,6,115,0,14,17,0,1,40,40,23950,22850,30
SIM,7,0,0,6,116,1,17,14,1,0,40,40,23450,23750,27
SIM,7,0,0,6,117,0,14,17,0,1,40,40,24350,23250,30
SIM,7,0,0,6,118,1,17,14,1,0,40,40,23850,24150,27
SIM,7,0,0,6,119,0,14,17,0,1,40,40,24750,23650,30
SIM,7,0,0,6,120,1,17,14,1,0,40,40,24250,24550,27
SIM,8,0,0,7,1,1,6,6,1,1,40,40,0,1000,0
SIM,8,0,0,7,2,0,6,20,1,1,40,40,800,250,20
SIM,8,0,0,7,3,1,20,17,1,1,40,40,50,1050,9
SIM,8,0,0,7,4,0,17,17,1,1,40,40,850,1050,29
SIM,8,0,0,7,5,1,17,14,1,0,40,40,850,1950,27
SIM,8,0,0,7,6,0,14,17,0,1,40,40,1750,1450,30
SIM,8,0,0,7,7,1,17,14,1,0,40,40,1250,2350,27
SIM,8,0,0,7,8,0,14,17,0,1,40,40,2150,1850,30
SIM,8,0,0,7,9,1,17,14,1,0,40,40,1650,2750,27
SIM,8,0,0,7,10,0,14,17,0,1,40,40,2550,2250,30
SIM,8,0,0,7,11,1,17,14,1,0,40,40,2050,3150,27
SIM,8,0,0,7,12,0,14,17,0,1,40,40,2950,2650,30
SIM,8,0,0,7,13,1,17,14,1,0,40,40,2450,3550,27
SIM,8,0,0,7,14,0,14,17,0,1,40,40,3350,3050,30
SIM,8,0,0,7,15,1,17,14,1,0,40,40,2850,3950,27
SIM,8,0,0,7,16,0,14,17,0,1,40,40,3750,3450,30
SIM,8,0,0,7,17,1,17,14,1,0,40,40,3250,4350,27
SIM,8,0,0,7,18,0,14,17,0,1,40,40,4150,3850,30
SIM,8,0,0,7,19,1,17,14,1,0,40,40,3650,4750,27
SIM,8,0,0,7,20,0,14,17,0,1,40,40,4550,4250,30
SIM,8,0,0,7,21,1,17,14,1,0,40,40,4050,5150,27
SIM,8,0,0,7,22,0,14,17,0,1,40,40,4950,4650,30
SIM,8,0,0,7,23,1,17,14,1,0,40,40,4450,5550,27
SIM,8,0,0,7,24,0,14,17,0,1,40,40,5350,5050,30
SIM,8,0,0,7,25,1,17,14,1,0,40,40,4850,5950,27
SIM,8,0,0,7,26,0,14,17,0,1,40,40,5750,5450,30
SIM,8,0,0,7,27,1,17,14,1,0,40,40,5250,6350,27
SIM,8,0,0,7,28,0,14,17,0,1,40,40,6150,5850,30
SIM,8,0,0,7,29,1,17,14,1,0,40,40,5650,6750,27
SIM,8,0,0,7,30,0,14,17,0,1,40,40,6550,6250,30
SIM,8,0,0,7,31,1,17,14,1,0,40,40,6050,7150,27
SIM,8,0,0,7,32,0,14,17,0,1,40,40,6950,6650,30
SIM,8,0,0,7,33,1,17,14,1,0,40,40,6450,7550,27
SIM,8,0,0,7,34,0,14,17,0,1,40,40,7350,7050,30
SIM,8,0,0,7,35,1,17,14,1,0,40,40,6850,7950,27
SIM,8,0,0,7,36,0,14,17,0,1,40,40,7750,7450,30
SIM,8,0,0,7,37,1,17,14,1,0,40,40,7250,8350,27
SIM,8,0,0,7,38,0,14,17,0,1,40,40,8150,7850,30
SIM,8,0,0,7,39,1,17,14,1,0,40,40,7650,8750,27
SIM,8,0,0,7,40,0,14,17,0,1,40,40,8550,8250,30
SIM,8,0,0,7,41,1,17,14,1,0,40,40,8050,9150,27
SIM,8,0,0,7,42,0,14,17,0,1,40,40,8950,8650,30
SIM,8,0,0,7,43,1,17,14,1,0,40,40,8450,9550,27
SIM,8,0,0,7,44,0,14,17,0,1,40,40,9350,9050,30
SIM,8,0,0,7,45,1,17,14,1,0,40,40,8850,9950,27
SIM,8,0,0,7,46,0,14,17,0,1,40,40,9750,9450,30
SIM,8,0,0,7,47,1,17,14,1,0,40,40,9250,10350,27
SIM,8,0,0,7,48,0,14,17,0,1,40,40,10150,9850,30
SIM,8,0,0,7,49,1,17,14,1,0,40,40,9650,10750,27
SIM,8,0,0,7,50,0,14,17,0,1,40,40,10550,10250,30
SIM,8,0,0,7,51,1,17,14,1,0,40,40,10050,11150,27
SIM,8,0,0,7,52,0,14,17,0,1,40,40,10950,10650,30
SIM,8,0,0,7,53,1,17,14,1,0,40,40,10450,11550,27
SIM,8,0,0,7,54,0,14,17,0,1,40,40,11350,11050,30
SIM,8,0,0,7,55,1,17,14,1,0,40,40,10850,11950,27
SIM,8,0,0,7,56,0,14,17,0,1,40,40,11750,11450,30
SIM,8,0,0,7,57,1,17,14,1,0,40,40,11250,12350,27
SIM,8,0,0,7,58,0,14,17,0,1,40,40,12150,11850,30
SIM,8,0,0,7,59,1,17,14,1,0,40,40,11650,12750,27
SIM,8,0,0,7,60,0,14,17,0,1,40,40,12550,12250,30
SIM,8,0,0,7,61,1,17,14,1,0,40,40,12050,13150,27
SIM,8,0,0,7,62,0,14,17,0,1,40,40,12950,12650,30
SIM,8,0,0,7,63,1,17,14,1,0,40,40,12450,13550,27
SIM,8,0,0,7,64,0,14,17,0,1,40,40,13350,13050,30
SIM,8,0,0,7,65,1,17,14,1,0,40,40,12850,13950,27
SIM,8,0,0,7,66,0,14,17,0,1,40,40,13750,13450,30
SIM,8,0,0,7,67,1,17,14,1,0,40,40,13250,14350,27
SIM,8,0,0,7,68,0,14,17,0,1,40,40,14150,13850,30
SIM,8,0,0,7,69,1,17,14,1,0,40,40,13650,14750,27
SIM,8,0,0,7,70,0,14,17,0,1,40,40,14550,14250,30
SIM,8,0,0,7,71,1,17,14,1,0,40,40,14050,15150,27
SIM,8,0,0,7,72,0,14,17,0,1,40,40,14950,14650,30
SIM,8,0,0,7,73,1,17,14,1,0,40,40,14450,15550,27
SIM,8,0,0,7,74,0,14,17,0,1,40,40,15350,15050,30
SIM,8,0,0,7,75,1,17,14,1,0,40,40,14850,15950,27
SIM,8,0,0,7,76,0,14,17,0,1,40,40,15750,15450,30
SIM,8,0,0,7,77,1,17,14,1,0,40,40,15250,16350,27
SIM,8,0,0,7,78,0,14,17,0,1,40,40,16150,15850,30
SIM,8,0,0,7,79,1,17,14,1,0,40,40,15650,16750,27
SIM,8,0,0,7,80,0,14,17,0,1,40,40,16550,16250,30
SIM,8,0,0,7,81,1,17,14,1,0,40,40,16050,17150,27
SIM,8,0,0,7,82,0,14,17,0,1,40,40,16950,16650,30
SIM,8,0,0,7,83,1,17,14,1,0,40,40,16450,17550,27
SIM,8,0,0,7,84,0,14,17,0,1,40,40,17350,17050,30
SIM,8,0,0,7,85,1,17,14,1,0,40,40,16850,17950,27
SIM,8,0,0,7,86,0,14,17,0,1,40,40,17750,17450,30
SIM,8,0,0,7,87,1,17,14,1,0,40,40,17250,18350,27
SIM,8,0,0,7,88,0,14,17,0,1,40,40,18150,17850,30
SIM,8,0,0,7,89,1,17,14,1,0,40,40,17650,18750,27
SIM,8,0,0,7,90,0,14,17,0,1,40,40,18550,18250,30
SIM,8,0,0,7,91,1,17,14,1,0,40,40,18050,19150,27
SIM,8,0,0,7,92,0,14,17,0,1,40,40,18950,18650,30
SIM,8,0,0,7,93,1,17,14,1,0,40,40,18450,19550,27
SIM,8,0,0,7,94,0,14,17,0,1,40,40,19350,19050,30
SIM,8,0,0,7,95,1,17,14,1,0,40,40,18850,19950,27
SIM,8,0,0,7,96,0,14,17,0,1,40,40,19750,19450,30
SIM,8,0,0,7,97,1,17,14,1,0,40,40,19250,20350,27
SIM,8,0,0,7,98,0,14,17,0,1,40,40,20150,19850,30
SIM,8,0,0,7,99,1,17,14,1,0,40,40,19650,20750,27
SIM,8,0,0,7,100,0,14,17,0,1,40,40,20550,20250,30
SIM,8,0,0,7,101,1,17,14,1,0,40,40,20050,21150,27
SIM,8,0,0,7,102,0,14,17,0,1,40,40,20950,20650,30
SIM,8,0,0,7,103,1,17,14,1,0,40,40,20450,21550,27
SIM,8,0,0,7,104,0,14,17,0,1,40,40,21350,21050,30
SIM,8,0,0,7,105,1,17,14,1,0,40,40,20850,21950,27
SIM,8,0,0,7,106,0,14,17,0,1,40,40,21750,21450,30
SIM,8,0,0,7,107,1,17,14,1,0,40,40,21250,22350,27
SIM,8,0,0,7,108,0,14,17,0,1,40,40,22150,21850,30
SIM,8,0,0,7,109,1,17,14,1,0,40,40,21650,22750,27
SIM,8,0,0,7,110,0,14,17,0,1,40,40,22550,22250,30
SIM,8,0,0,7,111,1,17,14,1,0,40,40,22050,23150,27
SIM,8,0,0,7,112,0,14,17,0,1,40,40,22950,22650,30
SIM,8,0,0,7,113,1,17,14,1,0,40,40,22450,23550,27
SIM,8,0,0,7,114,0,14,17,0,1,40,40,23350,23050,30
SIM,8,0,0,7,115,1,17,14,1,0,40,40,22850,23950,27
SIM,8,0,0,7,116,0,14,17,0,1,40,40,23750,23450,30
SIM,8,0,0,7,117,1,17,14,1,0,40,40,23250,24350,27
SIM,8,0,0,7,118,0,14,17,0,1,40,40,24150,23850,30
SIM,8,0,0,7,119,1,17,14,1,0,40,40,23650,24750,27
SIM,8,0,0,7,120,0,14,17,0,1,40,40,24550,24250,30
SIM,9,0,0,8,1,0,6,6,1,1,40,40,1000,0,20
SIM,9,0,0,8,2,1,20,3,1,1,40,40,250,800,13
SIM,9,0,0,8,3,0,17,17,1,1,40,40,1050,50,30
SIM,9,0,0,8,4,1,17,14,1,0,40,40,1050,1050,28
SIM,9,0,0,8,5,0,17,14,1,0,40,40,1750,1050,30
SIM,9,0,0,8,6,1,20,8,2,0,40,40,1250,1950,27
SIM,9,0,0,8,7,0,17,11,1,1,40,40,1950,1450,30
SIM,9,0,0,8,8,1,20,2,2,0,40,40,1450,2350,23
SIM,9,0,0,8,9,0,17,5,1,1,40,40,2150,1850,30
SIM,9,0,0,8,10,1,20,0,2,0,40,40,1650,2850,25
SIM,9,0,0,8,11,0,20,14,2,0,40,40,2150,2100,30
SIM,9,0,0,8,12,1,23,0,3,0,40,40,1650,3100,3
SIM,9,0,0,8,13,0,23,0,3,0,40,40,1950,3100,23
SIM,9,0,0,8,14,1,26,0,4,0,40,32,1450,4100,0
SIM,9,0,0,8,15,0,26,14,4,0,40,32,1550,3350,20
SIM,9,0,0,8,16,1,29,14,5,0,40,20,1050,4350,1
SIM,9,0,0,8,17,0,29,14,5,0,40,20,950,4350,21
SIM,9,0,0,8,18,1,32,8,6,0,40,8,450,5250,2
SIM,9,0,0,8,19,0,29,11,5,1,40,8,350,4750,22
SIM,10,0,0,9,1,1,6,6,1,1,40,40,0,1000,0
SIM,10,0,0,9,2,0,3,20,1,1,40,40,800,250,20
SIM,10,0,0,9,3,1,17,17,1,1,40,40,50,1050,15
SIM,10,0,0,9,4,0,14,17,0,1,40,40,1050,1050,30
SIM,10,0,0,9,5,1,14,17,0,1,40,40,1050,1750,30
SIM,10,0,0,9,6,0,8,20,0,2,40,40,1950,1250,30
SIM,10,0,0,9,7,1,11,17,1,1,40,40,1450,1950,27
SIM,10,0,0,9,8,0,2,20,0,2,40,40,2350,1450,30
SIM,10,0,0,9,9,1,5,17,1,1,40,40,1850,2150,27
SIM,10,0,0,9,10,0,0,20,0,2,40,40,2850,1650,30
SIM,10,0,0,9,11,1,14,20,0,2,40,40,2100,2150,27
SIM,10,0,0,9,12,0,0,23,0,3,40,40,3100,1650,30
SIM,10,0,0,9,13,1,0,23,0,3,40,40,3100,1950,30
SIM,10,0,0,9,14,0,0,26,0,4,32,40,4100,1450,30
SIM,10,0,0,9,15,1,14,26,0,4,32,40,3350,1550,27
SIM,10,0,0,9,16,0,14,29,0,5,20,40,4350,1050,30
SIM,10,0,0,9,17,1,14,29,0,5,20,40,4350,950,30
SIM,10,0,0,9,18,0,8,32,0,6,8,40,5250,450,30
SIM,10,0,0,9,19,1,11,29,1,5,8,40,4750,350,27
SIM,11,0,0,10,1,0,6,6,1,1,40,40,1000,0,20
SIM,11,0,0,10,2,1,20,3,1,1,40,40,250,800,15
SIM,11,0,0,10,3,0,17,17,1,1,40,40,1050,50,30
SIM,11,0,0,10,4,1,17,14,1,0,40,40,1050,1050,28
SIM,11,0,0,10,5,0,17,14,1,0,40,40,1750,1050,30
SIM,11,0,0,10,6,1,20,11,2,0,40,36,1250,1950,5
SIM,11,0,0,10,7,0,17,14,1,1,40,36,1950,1450,25
SIM,11,0,0,10,8,1,20,11,2,0,40,32,1450,2350,0
SIM,11,0,0,10,9,0,17,14,1,1,40,32,2150,1850,20
SIM,11,0,0,10,10,1,20,11,2,0,40,32,1650,2750,9
SIM,11,0,0,10,11,0,17,14,1,1,40,32,2350,2250,29
SIM,11,0,0,10,12,1,20,11,2,0,40,28,1850,3150,8
SIM,11,0,0,10,13,0,17,14,1,1,40,28,2550,2650,28
SIM,11,0,0,10,14,1,20,11,2,0,40,24,2050,3550,3
SIM,11,0,0,10,15,0,17,14,1,1,40,24,2750,3050,23
SIM,11,0,0,10,16,1,20,11,2,0,40,24,2250,3950,12
SIM,11,0,0,10,17,0,17,14,1,1,40,24,2950,3450,30
SIM,11,0,0,10,18,1,20,11,2,0,40,20,2450,4350,9
SIM,11,0,0,10,19,0,17,14,1,1,40,20,3150,3850,29
SIM,11,0,0,10,20,1,20,11,2,0,40,16,2650,4750,4
SIM,11,0,0,10,21,0,17,14,1,1,40,16,3350,4250,24
SIM,11,0,0,10,22,1,20,11,2,0,40,16,2850,5150,13
SIM,11,0,0,10,23,0,17,14,1,1,40,16,3550,4650,30
SIM,11,0,0,10,24,1,20,11,2,0,40,12,3050,5550,9
SIM,11,0,0,10,25,0,17,14,1,1,40,12,3750,5050,29
SIM,11,0,0,10,26,1,20,11,2,0,40,8,3250,5950,4
SIM,11,0,0,10,27,0,17,14,1,1,40,8,3950,5450,24
SIM,11,0,0,10,28,1,20,11,2,0,40,8,3450,6350,13
SIM,11,0,0,10,29,0,17,14,1,1,40,8,4150,5850,30
SIM,11,0,0,10,30,1,20,11,2,0,40,4,3650,6750,9
SIM,11,0,0,10,31,0,17,14,1,1,40,4,4350,6250,29
SIM,12,0,0,11,1,1,6,6,1,1,40,40,0,1000,0
SIM,12,0,0,11,2,0,3,20,1,1,40,40,800,250,20
SIM,12,0,0,11,3,1,17,17,1,1,40,40,50,1050,15
SIM,12,0,0,11,4,0,14,17,0,1,40,40,1050,1050,30
SIM,12,0,0,11,5,1,14,17,0,1,40,40,1050,1750,30
SIM,12,0,0,11,6,0,11,20,0,2,36,40,1950,1250,30
SIM,12,0,0,11,7,1,14,17,1,1,36,40,1450,1950,27
SIM,12,0,0,11,8,0,11,20,0,2,32,40,2350,1450,30
SIM,12,0,0,11,9,1,14,17,1,1,32,40,1850,2150,27
SIM,12,0,0,11,10,0,11,20,0,2,32,40,2750,1650,30
SIM,12,0,0,11,11,1,14,17,1,1,32,40,2250,2350,27
SIM,12,0,0,11,12,0,11,20,0,2,28,40,3150,1850,30
SIM,12,0,0,11,13,1,14,17,1,1,28,40,2650,2550,27
SIM,12,0,0,11,14,0,11,20,0,2,24,40,3550,2050,30
SIM,12,0,0,11,15,1,14,17,1,1,24,40,3050,2750,27
SIM,12,0,0,11,16,0,11,20,0,2,24,40,3950,2250,30
SIM,12,0,0,11,17,1,14,17,1,1,24,40,3450,2950,27
SIM,12,0,0,11,18,0,11,20,0,2,20,40,4350,2450,30
SIM,12,0,0,11,19,1,14,17,1,1,20,40,3850,3150,27
SIM,12,0,0,11,20,0,11,20,0,2,16,40,4750,2650,30
SIM,12,0,0,11,21,1,14,17,1,1,16,40,4250,3350,27
SIM,12,0,0,11,22,0,11,20,0,2,16,40,5150,2850,30
SIM,12,0,0,11,23,1,14,17,1,1,16,40,4650,3550,27
SIM,12,0,0,11,24,0,11,20,0,2,12,40,5550,3050,30
SIM,12,0,0,11,25,1,14,17,1,1,12,40,5050,3750,27
SIM,12,0,0,11,26,0,11,20,0,2,8,40,5950,3250,30
SIM,12,0,0,11,27,1,14,17,1,1,8,40,5450,3950,27
SIM,12,0,0,11,28,0,11,20,0,2,8,40,6350,3450,30
SIM,12,0,0,11,29,1,14,17,1,1,8,40,5850,4150,27
SIM,12,0,0,11,30,0,11,20,0,2,4,40,6750,3650,30
SIM,12,0,0,11,31,1,14,17,1,1,4,40,6250,4350,27
SIM,13,0,1,0,1,0,6,0,1,0,40,40,1000,0,20
SIM,13,0,1,0,2,1,20,0,1,0,40,40,250,1000,17
SIM,13,0,1,0,3,0,20,14,1,0,40,40,1050,250,30
SIM,13,0,1,0,4,1,20,14,1,0,40,40,1050,1250,20
SIM,13,0,1,0,5,0,20,14,1,0,40,40,1750,1250,30
SIM,13,0,1,0,6,1,23,11,2,0,40,36,1250,2150,9
SIM,13,0,1,0,7,0,17,14,1,1,40,36,1950,1650,29
SIM,13,0,1,0,8,1,20,11,2,0,40,32,1450,2550,4
SIM,13,0,1,0,9,0,17,14,1,1,40,32,2150,2050,24
SIM,13,0,1,0,10,1,20,11,2,0,40,32,1650,2950,13
SIM,13,0,1,0,11,0,17,14,1,1,40,32,2350,2450,30
SIM,13,0,1,0,12,1,20,11,2,0,40,28,1850,3350,9
SIM,13,0,1,0,13,0,17,14,1,1,40,28,2550,2850,29
SIM,13,0,1,0,14,1,20,11,2,0,40,24,2050,3750,4
SIM,13,0,1,0,15,0,17,14,1,1,40,24,2750,3250,24
SIM,13,0,1,0,16,1,20,11,2,0,40,24,2250,4150,13
SIM,13,0,1,0,17,0,17,14,1,1,40,24,2950,3650,30
SIM,13,0,1,0,18,1,20,11,2,0,40,20,2450,4550,9
SIM,13,0,1,0,19,0,17,14,1,1,40,20,3150,4050,29
SIM,13,0,1,0,20,1,20,11,2,0,40,16,2650,4950,4
SIM,13,0,1,0,21,0,17,14,1,1,40,16,3350,4450,24
SIM,13,0,1,0,22,1,20,11,2,0,40,16,2850,5350,13
SIM,13,0,1,0,23,0,17,14,1,1,40,16,3550,4850,30
SIM,13,0,1,0,24,1,20,11,2,0,40,12,3050,5750,9
SIM,13,0,1,0,25,0,17,14,1,1,40,12,3750,5250,29
SIM,13,0,1,0,26,1,20,11,2,0,40,8,3250,6150,4
SIM,13,0,1,0,27,0,17,14,1,1,40,8,3950,5650,24
SIM,13,0,1,0,28,1,20,11,2,0,40,8,3450,6550,13
SIM,13,0,1,0,29,0,17,14,1,1,40,8,4150,6050,30
SIM,13,0,1,0,30,1,20,11,2,0,40,4,3650,6950,9
SIM,13,0,1,0,31,0,17,14,1,1,40,4,4350,6450,29
SIM,14,0,1,1,1,0,6,0,1,0,40,40,1000,0,20
SIM,14,0,1,1,2,1,20,0,1,0,40,39,250,1000,5
SIM,14,0,1,1,3,0,20,14,1,0,40,39,1050,250,25
SIM,14,0,1,1,4,1,20,14,1,0,40,38,1050,1250,23
SIM,14,0,1,1,5,0,20,14,1,0,40,38,1750,1250,30
SIM,14,0,1,1,6,1,23,14,2,0,40,33,1250,2150,19
SIM,14,0,1,1,7,0,17,17,1,1,40,33,1950,1650,30
SIM,14,0,1,1,8,1,20,8,2,0,40,33,1450,2550,23
SIM,14,0,1,1,9,0,17,11,1,1,40,33,2150,2050,30
SIM,14,0,1,1,10,1,20,8,2,0,40,29,1650,2950,21
SIM,14,0,1,1,11,0,17,11,1,1,40,29,2350,2450,30
SIM,14,0,1,1,12,1,20,8,2,0,40,25,1850,3350,23
SIM,14,0,1,1,13,0,17,11,1,1,40,25,2550,2850,30
SIM,14,0,1,1,14,1,20,8,2,0,40,21,2050,3750,23
SIM,14,0,1,1,15,0,17,11,1,1,40,21,2750,3250,30
SIM,14,0,1,1,16,1,20,8,2,0,40,17,2250,4150,23
SIM,14,0,1,1,17,0,17,11,1,1,40,17,2950,3650,30
SIM,14,0,1,1,18,1,20,8,2,0,40,13,2450,4550,23
SIM,14,0,1,1,19,0,17,11,1,1,40,13,3150,4050,30
SIM,14,0,1,1,20,1,20,8,2,0,40,9,2650,4950,23
SIM,14,0,1,1,21,0,17,11,1,1,40,9,3350,4450,30
SIM,14,0,1,1,22,1,20,8,2,0,40,5,2850,5350,23
SIM,14,0,1,1,23,0,17,11,1,1,40,5,3550,4850,30
SIM,14,0,1,1,24,1,20,8,2,0,40,1,3050,5750,23
SIM,14,0,1,1,25,0,17,11,1,1,40,1,3750,5250,30
SIM,15,0,1,2,1,0,6,0,1,0,40,40,1000,0,20
SIM,15,0,1,2,2,1,20,0,1,0,40,40,250,1000,17
SIM,15,0,1,2,3,0,20,14,1,0,40,40,1050,250,30
SIM,15,0,1,2,4,1,20,14,1,0,40,40,1050,1250,20
SIM,15,0,1,2,5,0,20,14,1,0,40,40,1750,1250,30
SIM,15,0,1,2,6,1,23,11,2,0,40,36,1250,2150,9
SIM,15,0,1,2,7,0,17,14,1,1,40,36,1950,1650,29
SIM,15,0,1,2,8,1,20,11,2,0,40,32,1450,2550,4
SIM,15,0,1,2,9,0,17,14,1,1,40,32,2150,2050,24
SIM,15,0,1,2,10,1,20,11,2,0,40,32,1650,2950,13
SIM,15,0,1,2,11,0,17,14,1,1,40,32,2350,2450,30
SIM,15,0,1,2,12,1,20,11,2,0,40,28,1850,3350,9
SIM,15,0,1,2,13,0,17,14,1,1,40,28,2550,2850,29
SIM,15,0,1,2,14,1,20,11,2,0,40,24,2050,3750,4
SIM,15,0,1,2,15,0,17,14,1,1,40,24,2750,3250,24
SIM,15,0,1,2,16,1,20,11,2,0,40,24,2250,4150,13
SIM,15,0,1,2,17,0,17,14,1,1,40,24,2950,3650,30
SIM,15,0,1,2,18,1,20,11,2,0,40,20,2450,4550,9
SIM,15,0,1,2,19,0,17,14,1,1,40,20,3150,4050,29
SIM,15,0,1,2,20,1,20,11,2,0,40,16,2650,4950,4
SIM,15,0,1,2,21,0,17,14,1,1,40,16,3350,4450,24
SIM,15,0,1,2,22,1,20,11,2,0,40,16,2850,5350,13
SIM,15,0,1,2,23,0,17,14,1,1,40,16,3550,4850,30
SIM,15,0,1,2,24,1,20,11,2,0,40,12,3050,5750,9
SIM,15,0,1,2,25,0,17,14,1,1,40,12,3750,5250,29
SIM,15,0,1,2,26,1,20,11,2,0,40,8,3250,6150,4
SIM,15,0,1,2,27,0,17,14,1,1,40,8,3950,5650,24
SIM,15,0,1,2,28,1,20,11,2,0,40,8,3450,6550,13
SIM,15,0,1,2,29,0,17,14,1,1,40,8,4150,6050,30
SIM,15,0,1,2,30,1,20,11,2,0,40,4,3650,6950,9
SIM,15,0,1,2,31,0,17,14,1,1,40,4,4350,6450,29
SIM,16,1,1,0,1,0,0,6,0,1,40,40,1000,0,20
SIM,16,1,1,0,2,1,14,6,0,1,40,40,250,800,17
SIM,16,1,1,0,3,0,11,20,0,1,40,40,1250,50,30
SIM,16,1,1,0,4,1,11,20,0,1,40,40,1250,850,30
SIM,16,1,1,0,5,0,8,20,0,1,40,40,2150,850,30
SIM,16,1,1,0,6,1,11,14,1,0,40,40,1650,1750,27
SIM,16,1,1,0,7,0,8,17,0,1,40,40,2550,1250,30
SIM,16,1,1,0,8,1,11,14,1,0,40,40,2050,2150,27
SIM,16,1,1,0,9,0,8,17,0,1,40,40,2950,1650,30
SIM,16,1,1,0,10,1,11,14,1,0,40,40,2450,2550,27
SIM,16,1,1,0,11,0,8,17,0,1,40,40,3350,2050,30
SIM,16,1,1,0,12,1,11,14,1,0,40,40,2850,2950,27
SIM,16,1,1,0,13,0,8,17,0,1,40,40,3750,2450,30
SIM,16,1,1,0,14,1,11,14,1,0,40,40,3250,3350,27
SIM,16,1,1,0,15,0,8,17,0,1,40,40,4150,2850,30
SIM,16,1,1,0,16,1,11,14,1,0,40,40,3650,3750,27
SIM,16,1,1,0,17,0,8,17,0,1,40,40,4550,3250,30
SIM,16,1,1,0,18,1,11,14,1,0,40,40,4050,4150,27
SIM,16,1,1,0,19,0,8,17,0,1,40,40,4950,3650,30
SIM,16,1,1,0,20,1,11,14,1,0,40,40,4450,4550,27
SIM,16,1,1,0,21,0,8,17,0,1,40,40,5350,4050,30
SIM,16,1,1,0,22,1,11,14,1,0,40,40,4850,4950,27
SIM,16,1,1,0,23,0,8,17,0,1,40,40,5750,4450,30
SIM,16,1,1,0,24,1,11,14,1,0,40,40,5250,5350,27
SIM,16,1,1,0,25,0,8,17,0,1,40,40,6150,4850,30
SIM,16,1,1,0,26,1,11,14,1,0,40,40,5650,5750,27
SIM,16,1,1,0,27,0,8,17,0,1,40,40,6550,5250,30
SIM,16,1,1,0,28,1,11,14,1,0,40,40,6050,6150,27
SIM,16,1,1,0,29,0,8,17,0,1,40,40,6950,5650,30
SIM,16,1,1,0,30,1,11,14,1,0,40,40,6450,6550,27
SIM,16,1,1,0,31,0,8,17,0,1,40,40,7350,6050,30
SIM,16,1,1,0,32,1,11,14,1,0,40,40,6850,6950,27
SIM,16,1,1,0,33,0,8,17,0,1,40,40,7750,6450,30
SIM,16,1,1,0,34,1,11,14,1,0,40,40,7250,7350,27
SIM,16,1,1,0,35,0,8,17,0,1,40,40,8150,6850,30
SIM,16,1,1,0,36,1,11,14,1,0,40,40,7650,7750,27
SIM,16,1,1,0,37,0,8,17,0,1,40,40,8550,7250,30
SIM,16,1,1,0,38,1,11,14,1,0,40,40,8050,8150,27
SIM,16,1,1,0,39,0,8,17,0,1,40,40,8950,7650,30
SIM,16,1,1,0,40,1,11,14,1,0,40,40,8450,8550,27
SIM,16,1,1,0,41,0,8,17,0,1,40,40,9350,8050,30
SIM,16,1,1,0,42,1,11,14,1,0,40,40,8850,8950,27
SIM,16,1,1,0,43,0,8,17,0,1,40,40,9750,8450,30
SIM,16,1,1,0,44,1,11,14,1,0,40,40,9250,9350,27
SIM,16,1,1,0,45,0,8,17,0,1,40,40,10150,8850,30
SIM,16,1,1,0,46,1,11,14,1,0,40,40,9650,9750,27
SIM,16,1,1,0,47,0,8,17,0,1,40,40,10550,9250,30
SIM,16,1,1,0,48,1,11,14,1,0,40,40,10050,10150,27
SIM,16,1,1,0,49,0,8,17,0,1,40,40,10950,9650,30
SIM,16,1,1,0,50,1,11,14,1,0,40,40,10450,10550,27
SIM,16,1,1,0,51,0,8,17,0,1,40,40,11350,10050,30
SIM,16,1,1,0,52,1,11,14,1,0,40,40,10850,10950,27
SIM,16,1,1,0,53,0,8,17,0,1,40,40,11750,10450,30
SIM,16,1,1,0,54,1,11,14,1,0,40,40,11250,11350,27
SIM,16,1,1,0,55,0,8,17,0,1,40,40,12150,10850,30
SIM,16,1,1,0,56,1,11,14,1,0,40,40,11650,11750,27
SIM,16,1,1,0,57,0,8,17,0,1,40,40,12550,11250,30
SIM,16,1,1,0,58,1,11,14,1,0,40,40,12050,12150,27
SIM,16,1,1,0,59,0,8,17,0,1,40,40,12950,11650,30
SIM,16,1,1,0,60,1,11,14,1,0,40,40,12450,12550,27
SIM,16,1,1,0,61,0,8,17,0,1,40,40,13350,12050,30
SIM,16,1,1,0,62,1,11,14,1,0,40,40,12850,12950,27
SIM,16,1,1,0,63,0,8,17,0,1,40,40,13750,12450,30
SIM,16,1,1,0,64,1,11,14,1,0,40,40,13250,13350,27
SIM,16,1,1,0,65,0,8,17,0,1,40,40,14150,12850,30
SIM,16,1,1,0,66,1,11,14,1,0,40,40,13650,13750,27
SIM,16,1,1,0,67,0,8,17,0,1,40,40,14550,13250,30
SIM,16,1,1,0,68,1,11,14,1,0,40,40,14050,14150,27
SIM,16,1,1,0,69,0,8,17,0,1,40,40,14950,13650,30
SIM,16,1,1,0,70,1,11,14,1,0,40,40,14450,14550,27
SIM,16,1,1,0,71,0,8,17,0,1,40,40,15350,14050,30
SIM,16,1,1,0,72,1,11,14,1,0,40,40,14850,14950,27
SIM,16,1,1,0,73,0,8,17,0,1,40,40,15750,14450,30
SIM,16,1,1,0,74,1,11,14,1,0,40,40,15250,15350,27
SIM,16,1,1,0,75,0,8,17,0,1,40,40,16150,14850,30
SIM,16,1,1,0,76,1,11,14,1,0,40,40,15650,15750,27
SIM,16,1,1,0,77,0,8,17,0,1,40,40,16550,15250,30
SIM,16,1,1,0,78,1,11,14,1,0,40,40,16050,16150,27
SIM,16,1,1,0,79,0,8,17,0,1,40,40,16950,15650,30
SIM,16,1,1,0,80,1,11,14,1,0,40,40,16450,16550,27
SIM,16,1,1,0,81,0,8,17,0,1,40,40,17350,16050,30
SIM,16,1,1,0,82,1,11,14,1,0,40,40,16850,16950,27
SIM,16,1,1,0,83,0,8,17,0,1,40,40,17750,16450,30
SIM,16,1,1,0,84,1,11,14,1,0,40,40,17250,17350,27
SIM,16,1,1,0,85,0,8,17,0,1,40,40,18150,16850,30
SIM,16,1,1,0,86,1,11,14,1,0,40,40,17650,17750,27
SIM,16,1,1,0,87,0,8,17,0,1,40,40,18550,17250,30
SIM,16,1,1,0,88,1,11,14,1,0,40,40,18050,18150,27
SIM,16,1,1,0,89,0,8,17,0,1,40,40,18950,17650,30
SIM,16,1,1,0,90,1,11,14,1,0,40,40,18450,18550,27
SIM,16,1,1,0,91,0,8,17,0,1,40,40,19350,18050,30
SIM,16,1,1,0,92,1,11,14,1,0,40,40,18850,18950,27
SIM,16,1,1,0,93,0,8,17,0,1,40,40,19750,18450,30
SIM,16,1,1,0,94,1,11,14,1,0,40,40,19250,19350,27
SIM,16,1,1,0,95,0,8,17,0,1,40,40,20150,18850,30
SIM,16,1,1,0,96,1,11,14,1,0,40,40,19650,19750,27
SIM,16,1,1,0,97,0,8,17,0,1,40,40,20550,19250,30
SIM,16,1,1,0,98,1,11,14,1,0,40,40,20050,20150,27
SIM,16,1,1,0,99,0,8,17,0,1,40,40,20950,19650,30
SIM,16,1,1,0,100,1,11,14,1,0,40,40,20450,20550,27
SIM,16,1,1,0,101,0,8,17,0,1,40,40,21350,20050,30
SIM,16,1,1,0,102,1,11,14,1,0,40,40,20850,20950,27
SIM,16,1,1,0,103,0,8,17,0,1,40,40,21750,20450,30
SIM,16,1,1,0,104,1,11,14,1,0,40,40,21250,21350,27
SIM,16,1,1,0,105,0,8,17,0,1,40,40,22150,20850,30
SIM,16,1,1,0,106,1,11,14,1,0,40,40,21650,21750,27
SIM,16,1,1,0,107,0,8,17,0,1,40,40,22550,21250,30
SIM,16,1,1,0,108,1,11,14,1,0,40,40,22050,22150,27
SIM,16,1,1,0,109,0,8,17,0,1,40,40,22950,21650,30
SIM,16,1,1,0,110,1,11,14,1,0,40,40,22450,22550,27
SIM,16,1,1,0,111,0,8,17,0,1,40,40,23350,22050,30
SIM,16,1,1,0,112,1,11,14,1,0,40,40,22850,22950,27
SIM,16,1,1,0,113,0,8,17,0,1,40,40,23750,22450,30
SIM,16,1,1,0,114,1,11,14,1,0,40,40,23250,23350,27
SIM,16,1,1,0,115,0,8,17,0,1,40,40,24150,22850,30
SIM,16,1,1,0,116,1,11,14,1,0,40,40,23650,23750,27
SIM,16,1,1,0,117,0,8,17,0,1,40,40,24550,23250,30
SIM,16,1,1,0,118,1,11,14,1,0,40,40,24050,24150,27
SIM,16,1,1,0,119,0,8,17,0,1,40,40,24950,23650,30
SIM,16,1,1,0,120,1,11,14,1,0,40,40,24450,24550,27
SIM,17,1,1,1,1,0,0,6,0,1,40,40,1000,0,20
SIM,17,1,1,1,2,1,14,6,0,1,40,40,250,800,17
SIM,17,1,1,1,3,0,14,20,0,1,40,40,1250,50,30
SIM,17,1,1,1,4,1,14,20,0,1,40,40,1250,850,30
SIM,17,1,1,1,5,0,11,20,0,1,40,40,2150,850,30
SIM,17,1,1,1,6,1,14,14,1,0,40,40,1650,1750,27
SIM,17,1,1,1,7,0,11,17,0,1,40,40,2550,1250,30
SIM,17,1,1,1,8,1,14,14,1,0,40,40,2050,2150,27
SIM,17,1,1,1,9,0,11,17,0,1,40,40,2950,1650,30
SIM,17,1,1,1,10,1,14,14,1,0,40,40,2450,2550,27
SIM,17,1,1,1,11,0,11,17,0,1,40,40,3350,2050,30
SIM,17,1,1,1,12,1,14,14,1,0,40,40,2850,2950,27
SIM,17,1,1,1,13,0,11,17,0,1,40,40,3750,2450,30
SIM,17,1,1,1,14,1,14,14,1,0,40,40,3250,3350,27
SIM,17,1,1,1,15,0,11,17,0,1,40,40,4150,2850,30
SIM,17,1,1,1,16,1,14,14,1,0,40,40,3650,3750,27
SIM,17,1,1,1,17,0,11,17,0,1,40,40,4550,3250,30
SIM,17,1,1,1,18,1,14,14,1,0,40,40,4050,4150,27
SIM,17,1,1,1,19,0,11,17,0,1,40,40,4950,3650,30
SIM,17,1,1,1,20,1,14,14,1,0,40,40,4450,4550,27
SIM,17,1,1,1,21,0,11,17,0,1,40,40,5350,4050,30
SIM,17,1,1,1,22,1,14,14,1,0,40,40,4850,4950,27
SIM,17,1,1,1,23,0,11,17,0,1,40,40,5750,4450,30
SIM,17,1,1,1,24,1,14,14,1,0,40,40,5250,5350,27
SIM,17,1,1,1,25,0,11,17,0,1,40,40,6150,4850,30
SIM,17,1,1,1,26,1,14,14,1,0,40,40,5650,5750,27
SIM,17,1,1,1,27,0,11,17,0,1,40,40,6550,5250,30
SIM,17,1,1,1,28,1,14,14,1,0,40,40,6050,6150,27
SIM,17,1,1,1,29,0,11,17,0,1,40,40,6950,5650,30
SIM,17,1,1,1,30,1,14,14,1,0,40,40,6450,6550,27
SIM,17,1,1,1,31,0,11,17,0,1,40,40,7350,6050,30
SIM,17,1,1,1,32,1,14,14,1,0,40,40,6850,6950,27
SIM,17,1,1,1,33,0,11,17,0,1,40,40,7750,6450,30
SIM,17,1,1,1,34,1,14,14,1,0,40,40,7250,7350,27
SIM,17,1,1,1,35,0,11,17,0,1,40,40,8150,6850,30
SIM,17,1,1,1,36,1,14,14,1,0,40,40,7650,7750,27
SIM,17,1,1,1,37,0,11,17,0,1,40,40,8550,7250,30
SIM,17,1,1,1,38,1,14,14,1,0,40,40,8050,8150,27
SIM,17,1,1,1,39,0,11,17,0,1,40,40,8950,7650,30
SIM,17,1,1,1,40,1,14,14,1,0,40,40,8450,8550,27
SIM,17,1,1,1,41,0,11,17,0,1,40,40,9350,8050,30
SIM,17,1,1,1,42,1,14,14,1,0,40,40,8850,8950,27
SIM,17,1,1,1,43,0,11,17,0,1,40,40,9750,8450,30
SIM,17,1,1,1,44,1,14,14,1,0,40,40,9250,9350,27
SIM,17,1,1,1,45,0,11,17,0,1,40,40,10150,8850,30
SIM,17,1,1,1,46,1,14,14,1,0,40,40,9650,9750,27
SIM,17,1,1,1,47,0,11,17,0,1,40,40,10550,9250,30
SIM,17,1,1,1,48,1,14,14,1,0,40,40,10050,10150,27
SIM,17,1,1,1,49,0,11,17,0,1,40,40,10950,9650,30
SIM,17,1,1,1,50,1,14,14,1,0,40,40,10450,10550,27
SIM,17,1,1,1,51,0,11,17,0,1,40,40,11350,10050,30
SIM,17,1,1,1,52,1,14,14,1,0,40,40,10850,10950,27
SIM,17,1,1,1,53,0,11,17,0,1,40,40,11750,10450,30
SIM,17,1,1,1,54,1,14,14,1,0,40,40,11250,11350,27
SIM,17,1,1,1,55,0,11,17,0,1,40,40,12150,10850,30
SIM,17,1,1,1,56,1,14,14,1,0,40,40,11650,11750,27
SIM,17,1,1,1,57,0,11,17,0,1,40,40,12550,11250,30
SIM,17,1,1,1,58,1,14,14,1,0,40,40,12050,12150,27
SIM,17,1,1,1,59,0,11,17,0,1,40,40,12950,11650,30
SIM,17,1,1,1,60,1,14,14,1,0,40,40,12450,12550,27
SIM,17,1,1,1,61,0,11,17,0,1,40,40,13350,12050,30
SIM,17,1,1,1,62,1,14,14,1,0,40,40,12850,12950,27
SIM,17,1,1,1,63,0,11,17,0,1,40,40,13750,12450,30
SIM,17,1,1,1,64,1,14,14,1,0,40,40,13250,13350,27
SIM,17,1,1,1,65,0,11,17,0,1,40,40,14150,12850,30
SIM,17,1,1,1,66,1,14,14,1,0,40,40,13650,13750,27
SIM,17,1,1,1,67,0,11,17,0,1,40,40,14550,13250,30
SIM,17,1,1,1,68,1,14,14,1,0,40,40,14050,14150,27
SIM,17,1,1,1,69,0,11,17,0,1,40,40,14950,13650,30
SIM,17,1,1,1,70,1,14,14,1,0,40,40,14450,14550,27
SIM,17,1,1,1,71,0,11,17,0,1,40,40,15350,14050,30
SIM,17,1,1,1,72,1,14,14,1,0,40,40,14850,14950,27
SIM,17,1,1,1,73,0,11,17,0,1,40,40,15750,14450,30
SIM,17,1,1,1,74,1,14,14,1,0,40,40,15250,15350,27
SIM,17,1,1,1,75,0,11,17,0,1,40,40,16150,14850,30
SIM,17,1,1,1,76,1,14,14,1,0,40,40,15650,15750,27
SIM,17,1,1,1,77,0,11,17,0,1,40,40,16550,15250,30
SIM,17,1,1,1,78,1,14,14,1,0,40,40,16050,16150,27
SIM,17,1,1,1,79,0,11,17,0,1,40,40,16950,15650,30
SIM,17,1,1,1,80,1,14,14,1,0,40,40,16450,16550,27
SIM,17,1,1,1,81,0,11,17,0,1,40,40,17350,16050,30
SIM,17,1,1,1,82,1,14,14,1,0,40,40,16850,16950,27
SIM,17,1,1,1,83,0,11,17,0,1,40,40,17750,16450,30
SIM,17,1,1,1,84,1,14,14,1,0,40,40,17250,17350,27
SIM,17,1,1,1,85,0,11,17,0,1,40,40,18150,16850,30
SIM,17,1,1,1,86,1,14,14,1,0,40,40,17650,17750,27
SIM,17,1,1,1,87,0,11,17,0,1,40,40,18550,17250,30
SIM,17,1,1,1,88,1,14,14,1,0,40,40,18050,18150,27
SIM,17,1,1,1,89,0,11,17,0,1,40,40,18950,17650,30
SIM,17,1,1,1,90,1,14,14,1,0,40,40,18450,18550,27
SIM,17,1,1,1,91,0,11,17,0,1,40,40,19350,18050,30
SIM,17,1,1,1,92,1,14,14,1,0,40,40,18850,18950,27
SIM,17,1,1,1,93,0,11,17,0,1,40,40,19750,18450,30
SIM,17,1,1,1,94,1,14,14,1,0,40,40,19250,19350,27
SIM,17,1,1,1,95,0,11,17,0,1,40,40,20150,18850,30
SIM,17,1,1,1,96,1,14,14,1,0,40,40,19650,19750,27
SIM,17,1,1,1,97,0,11,17,0,1,40,40,20550,19250,30
SIM,17,1,1,1,98,1,14,14,1,0,40,40,20050,20150,27
SIM,17,1,1,1,99,0,11,17,0,1,40,40,20950,19650,30
SIM,17,1,1,1,100,1,14,14,1,0,40,40,20450,20550,27
SIM,17,1,1,1,101,0,11,17,0,1,40,40,21350,20050,30
SIM,17,1,1,1,102,1,14,14,1,0,40,40,20850,20950,27
SIM,17,1,1,1,103,0,11,17,0,1,40,40,21750,20450,30
SIM,17,1,1,1,104,1,14,14,1,0,40,40,21250,21350,27
SIM,17,1,1,1,105,0,11,17,0,1,40,40,22150,20850,30
SIM,17,1,1,1,106,1,14,14,1,0,40,40,21650,21750,27
SIM,17,1,1,1,107,0,11,17,0,1,40,40,22550,21250,30
SIM,17,1,1,1,108,1,14,14,1,0,40,40,22050,22150,27
SIM,17,1,1,1,109,0,11,17,0,1,40,40,22950,21650,30
SIM,17,1,1,1,110,1,14,14,1,0,40,40,22450,22550,27
SIM,17,1,1,1,111,0,11,17,0,1,40,40,23350,22050,30
SIM,17,1,1,1,112,1,14,14,1,0,40,40,22850,22950,27
SIM,17,1,1,1,113,0,11,17,0,1,40,40,23750,22450,30
SIM,17,1,1,1,114,1,14,14,1,0,40,40,23250,23350,27
SIM,17,1,1,1,115,0,11,17,0,1,40,40,24150,22850,30
SIM,17,1,1,1,116,1,14,14,1,0,40,40,23650,23750,27
SIM,17,1,1,1,117,0,11,17,0,1,40,40,24550,23250,30
SIM,17,1,1,1,118,1,14,14,1,0,40,40,24050,24150,27
SIM,17,1,1,1,119,0,11,17,0,1,40,40,24950,23650,30
SIM,17,1,1,1,120,1,14,14,1,0,40,40,24450,24550,27
SIM,18,1,1,2,1,0,0,6,0,1,40,40,1000,0,20
SIM,18,1,1,2,2,1,14,6,0,1,40,40,250,800,17
SIM,18,1,1,2,3,0,11,20,0,1,40,40,1250,50,30
SIM,18,1,1,2,4,1,11,20,0,1,40,40,1250,850,30
SIM,18,1,1,2,5,0,8,20,0,1,40,40,2150,850,30
SIM,18,1,1,2,6,1,11,14,1,0,40,40,1650,1750,27
SIM,18,1,1,2,7,0,8,17,0,1,40,40,2550,1250,30
SIM,18,1,1,2,8,1,11,14,1,0,40,40,2050,2150,27
SIM,18,1,1,2,9,0,8,17,0,1,40,40,2950,1650,30
SIM,18,1,1,2,10,1,11,14,1,0,40,40,2450,2550,27
SIM,18,1,1,2,11,0,8,17,0,1,40,40,3350,2050,30
SIM,18,1,1,2,12,1,11,14,1,0,40,40,2850,2950,27
SIM,18,1,1,2,13,0,8,17,0,1,40,40,3750,2450,30
SIM,18,1,1,2,14,1,11,14,1,0,40,40,3250,3350,27
SIM,18,1,1,2,15,0,8,17,0,1,40,40,4150,2850,30
SIM,18,1,1,2,16,1,11,14,1,0,40,40,3650,3750,27
SIM,18,1,1,2,17,0,8,17,0,1,40,40,4550,3250,30
SIM,18,1,1,2,18,1,11,14,1,0,40,40,4050,4150,27
SIM,18,1,1,2,19,0,8,17,0,1,40,40,4950,3650,30
SIM,18,1,1,2,20,1,11,14,1,0,40,40,4450,4550,27
SIM,18,1,1,2,21,0,8,17,0,1,40,40,5350,4050,30
SIM,18,1,1,2,22,1,11,14,1,0,40,40,4850,4950,27
SIM,18,1,1,2,23,0,8,17,0,1,40,40,5750,4450,30
SIM,18,1,1,2,24,1,11,14,1,0,40,40,5250,5350,27
SIM,18,1,1,2,25,0,8,17,0,1,40,40,6150,4850,30
SIM,18,1,1,2,26,1,11,14,1,0,40,40,5650,5750,27
SIM,18,1,1,2,27,0,8,17,0,1,40,40,6550,5250,30
SIM,18,1,1,2,28,1,11,14,1,0,40,40,6050,6150,27
SIM,18,1,1,2,29,0,8,17,0,1,40,40,6950,5650,30
SIM,18,1,1,2,30,1,11,14,1,0,40,40,6450,6550,27
SIM,18,1,1,2,31,0,8,17,0,1,40,40,7350,6050,30
SIM,18,1,1,2,32,1,11,14,1,0,40,40,6850,6950,27
SIM,18,1,1,2,33,0,8,17,0,1,40,40,7750,6450,30
SIM,18,1,1,2,34,1,11,14,1,0,40,40,7250,7350,27
SIM,18,1,1,2,35,0,8,17,0,1,40,40,8150,6850,30
SIM,18,1,1,2,36,1,11,14,1,0,40,40,7650,7750,27
SIM,18,1,1,2,37,0,8,17,0,1,40,40,8550,7250,30
SIM,18,1,1,2,38,1,11,14,1,0,40,40,8050,8150,27
SIM,18,1,1,2,39,0,8,17,0,1,40,40,8950,7650,30
SIM,18,1,1,2,40,1,11,14,1,0,40,40,8450,8550,27
SIM,18,1,1,2,41,0,8,17,0,1,40,40,9350,8050,30
SIM,18,1,1,2,42,1,11,14,1,0,40,40,8850,8950,27
SIM,18,1,1,2,43,0,8,17,0,1,40,40,9750,8450,30
SIM,18,1,1,2,44,1,11,14,1,0,40,40,9250,9350,27
SIM,18,1,1,2,45,0,8,17,0,1,40,40,10150,8850,30
SIM,18,1,1,2,46,1,11,14,1,0,40,40,9650,9750,27
SIM,18,1,1,2,47,0,8,17,0,1,40,40,10550,9250,30
SIM,18,1,1,2,48,1,11,14,1,0,40,40,10050,10150,27
SIM,18,1,1,2,49,0,8,17,0,1,40,40,10950,9650,30
SIM,18,1,1,2,50,1,11,14,1,0,40,40,10450,10550,27
SIM,18,1,1,2,51,0,8,17,0,1,40,40,11350,10050,30
SIM,18,1,1,2,52,1,11,14,1,0,40,40,10850,10950,27
SIM,18,1,1,2,53,0,8,17,0,1,40,40,11750,10450,30
SIM,18,1,1,2,54,1,11,14,1,0,40,40,11250,11350,27
SIM,18,1,1,2,55,0,8,17,0,1,40,40,12150,10850,30
SIM,18,1,1,2,56,1,11,14,1,0,40,40,11650,11750,27
SIM,18,1,1,2,57,0,8,17,0,1,40,40,12550,11250,30
SIM,18,1,1,2,58,1,11,14,1,0,40,40,12050,12150,27
SIM,18,1,1,2,59,0,8,17,0,1,40,40,12950,11650,30
SIM,18,1,1,2,60,1,11,14,1,0,40,40,12450,12550,27
SIM,18,1,1,2,61,0,8,17,0,1,40,40,13350,12050,30
SIM,18,1,1,2,62,1,11,14,1,0,40,40,12850,12950,27
SIM,18,1,1,2,63,0,8,17,0,1,40,40,13750,12450,30
SIM,18,1,1,2,64,1,11,14,1,0,40,40,13250,13350,27
SIM,18,1,1,2,65,0,8,17,0,1,40,40,14150,12850,30
SIM,18,1,1,2,66,1,11,14,1,0,40,40,13650,13750,27
SIM,18,1,1,2,67,0,8,17,0,1,40,40,14550,13250,30
SIM,18,1,1,2,68,1,11,14,1,0,40,40,14050,14150,27
SIM,18,1,1,2,69,0,8,17,0,1,40,40,14950,13650,30
SIM,18,1,1,2,70,1,11,14,1,0,40,40,14450,14550,27
SIM,18,1,1,2,71,0,8,17,0,1,40,40,15350,14050,30
SIM,18,1,1,2,72,1,11,14,1,0,40,40,14850,14950,27
SIM,18,1,1,2,73,0,8,17,0,1,40,40,15750,14450,30
SIM,18,1,1,2,74,1,11,14,1,0,40,40,15250,15350,27
SIM,18,1,1,2,75,0,8,17,0,1,40,40,16150,14850,30
SIM,18,1,1,2,76,1,11,14,1,0,40,40,15650,15750,27
SIM,18,1,1,2,77,0,8,17,0,1,40,40,16550,15250,30
SIM,18,1,1,2,78,1,11,14,1,0,40,40,16050,16150,27
SIM,18,1,1,2,79,0,8,17,0,1,40,40,16950,15650,30
SIM,18,1,1,2,80,1,11,14,1,0,40,40,16450,16550,27
SIM,18,1,1,2,81,0,8,17,0,1,40,40,17350,16050,30
SIM,18,1,1,2,82,1,11,14,1,0,40,40,16850,16950,27
SIM,18,1,1,2,83,0,8,17,0,1,40,40,17750,16450,30
SIM,18,1,1,2,84,1,11,14,1,0,40,40,17250,17350,27
SIM,18,1,1,2,85,0,8,17,0,1,40,40,18150,16850,30
SIM,18,1,1,2,86,1,11,14,1,0,40,40,17650,17750,27
SIM,18,1,1,2,87,0,8,17,0,1,40,40,18550,17250,30
SIM,18,1,1,2,88,1,11,14,1,0,40,40,18050,18150,27
SIM,18,1,1,2,89,0,8,17,0,1,40,40,18950,17650,30
SIM,18,1,1,2,90,1,11,14,1,0,40,40,18450,18550,27
SIM,18,1,1,2,91,0,8,17,0,1,40,40,19350,18050,30
SIM,18,1,1,2,92,1,11,14,1,0,40,40,18850,18950,27
SIM,18,1,1,2,93,0,8,17,0,1,40,40,19750,18450,30
SIM,18,1,1,2,94,1,11,14,1,0,40,40,19250,19350,27
SIM,18,1,1,2,95,0,8,17,0,1,40,40,20150,18850,30
SIM,18,1,1,2,96,1,11,14,1,0,40,40,19650,19750,27
SIM,18,1,1,2,97,0,8,17,0,1,40,40,20550,19250,30
SIM,18,1,1,2,98,1,11,14,1,0,40,40,20050,20150,27
SIM,18,1,1,2,99,0,8,17,0,1,40,40,20950,19650,30
SIM,18,1,1,2,100,1,11,14,1,0,40,40,20450,20550,27
SIM,18,1,1,2,101,0,8,17,0,1,40,40,21350,20050,30
SIM,18,1,1,2,102,1,11,14,1,0,40,40,20850,20950,27
SIM,18,1,1,2,103,0,8,17,0,1,40,40,21750,20450,30
SIM,18,1,1,2,104,1,11,14,1,0,40,40,21250,21350,27
SIM,18,1,1,2,105,0,8,17,0,1,40,40,22150,20850,30
SIM,18,1,1,2,106,1,11,14,1,0,40,40,21650,21750,27
SIM,18,1,1,2,107,0,8,17,0,1,40,40,22550,21250,30
SIM,18,1,1,2,108,1,11,14,1,0,40,40,22050,22150,27
SIM,18,1,1,2,109,0,8,17,0,1,40,40,22950,21650,30
SIM,18,1,1,2,110,1,11,14,1,0,40,40,22450,22550,27
SIM,18,1,1,2,111,0,8,17,0,1,40,40,23350,22050,30
SIM,18,1,1,2,112,1,11,14,1,0,40,40,22850,22950,27
SIM,18,1,1,2,113,0,8,17,0,1,40,40,23750,22450,30
SIM,18,1,1,2,114,1,11,14,1,0,40,40,23250,23350,27
SIM,18,1,1,2,115,0,8,17,0,1,40,40,24150,22850,30
SIM,18,1,1,2,116,1,11,14,1,0,40,40,23650,23750,27
SIM,18,1,1,2,117,0,8,17,0,1,40,40,24550,23250,30
SIM,18,1,1,2,118,1,11,14,1,0,40,40,24050,24150,27
SIM,18,1,1,2,119,0,8,17,0,1,40,40,24950,23650,30
SIM,18,1,1,2,120,1,11,14,1,0,40,40,24450,24550,27
SIM,19,0,2,0,1,0,12,0,2,0,40,40,1000,0,20
SIM,19,0,2,0,2,1,12,0,2,0,40,40,1000,1000,0
SIM,19,0,2,0,3,0,12,14,2,0,40,40,1600,250,20
SIM,19,0,2,0,4,1,26,8,2,0,40,40,850,1250,13
SIM,19,0,2,0,5,0,26,8,2,0,40,40,1450,1250,30
SIM,19,0,2,0,6,1,26,2,2,0,40,40,1450,2150,26
SIM,19,0,2,0,7,0,20,5,1,1,40,40,2150,1650,30
SIM,19,0,2,0,8,1,23,0,2,0,40,40,1650,2650,25
SIM,19,0,2,0,9,0,23,14,2,0,40,40,2150,1900,30
SIM,19,0,2,0,10,1,26,0,3,0,40,40,1650,2900,19
SIM,19,0,2,0,11,0,26,0,3,0,40,40,1950,2900,30
SIM,19,0,2,0,12,1,29,0,4,0,40,27,1450,3900,1
SIM,19,0,2,0,13,0,29,14,4,0,40,27,1550,3150,21
SIM,19,0,2,0,14,1,32,8,5,0,40,18,1050,4150,0
SIM,19,0,2,0,15,0,32,8,5,0,40,18,950,4150,20
SIM,19,0,2,0,16,1,35,0,6,0,40,9,450,5150,1
SIM,19,0,2,0,17,0,35,14,6,0,40,9,150,4400,21
SIM,20,0,2,1,1,0,12,0,2,0,40,40,1000,0,20
SIM,20,0,2,1,2,1,26,0,2,0,40,39,250,1000,1
SIM,20,0,2,1,3,0,26,14,2,0,40,39,850,250,21
SIM,20,0,2,1,4,1,26,11,2,0,40,38,850,1250,15
SIM,20,0,2,1,5,0,26,11,2,0,40,38,1350,1250,30
SIM,20,0,2,1,6,1,29,8,3,0,40,33,850,2150,9
SIM,20,0,2,1,7,0,23,11,2,1,40,33,1350,1650,29
SIM,20,0,2,1,8,1,26,8,3,0,40,29,850,2550,24
SIM,20,0,2,1,9,0,23,11,2,1,40,29,1350,2050,30
SIM,20,0,2,1,10,1,26,0,3,0,40,29,850,3050,7
SIM,20,0,2,1,11,0,26,14,3,0,40,29,1150,2300,27
SIM,20,0,2,1,12,1,29,5,4,0,40,25,650,3300,14
SIM,20,0,2,1,13,0,29,5,4,0,40,25,750,3300,30
SIM,20,0,2,1,14,1,35,0,6,0,40,20,100,4300,0
SIM,20,0,2,1,15,0,35,14,6,0,40,20,0,3550,20
SIM,20,0,2,1,16,1,35,8,6,0,40,11,0,4550,0
SIM,20,0,2,1,17,0,35,8,6,0,40,11,0,4550,20
SIM,20,0,2,1,18,1,35,0,6,0,40,2,0,5550,1
SIM,20,0,2,1,19,0,35,14,6,0,40,2,0,4800,21
SIM,21,0,2,2,1,0,12,0,2,0,40,40,1000,0,20
SIM,21,0,2,2,2,1,12,0,2,0,40,40,1000,1000,0
SIM,21,0,2,2,3,0,12,14,2,0,40,40,1600,250,20
SIM,21,0,2,2,4,1,26,8,2,0,40,40,850,1250,13
SIM,21,0,2,2,5,0,26,8,2,0,40,40,1450,1250,30
SIM,21,0,2,2,6,1,26,2,2,0,40,40,1450,2150,26
SIM,21,0,2,2,7,0,20,5,1,1,40,40,2150,1650,30
SIM,21,0,2,2,8,1,23,0,2,0,40,40,1650,2650,25
SIM,21,0,2,2,9,0,23,14,2,0,40,40,2150,1900,30
SIM,21,0,2,2,10,1,26,0,3,0,40,40,1650,2900,19
SIM,21,0,2,2,11,0,26,0,3,0,40,40,1950,2900,30
SIM,21,0,2,2,12,1,29,0,4,0,40,27,1450,3900,1
SIM,21,0,2,2,13,0,29,14,4,0,40,27,1550,3150,21
SIM,21,0,2,2,14,1,32,8,5,0,40,18,1050,4150,0
SIM,21,0,2,2,15,0,32,8,5,0,40,18,950,4150,20
SIM,21,0,2,2,16,1,35,0,6,0,40,9,450,5150,1
SIM,21,0,2,2,17,0,35,14,6,0,40,9,150,4400,21
SIM,22,1,2,0,1,0,0,12,0,2,40,40,1000,0,20
SIM,22,1,2,0,2,1,14,12,0,2,40,40,250,600,17
SIM,22,1,2,0,3,0,14,15,0,3,40,40,1250,450,30
SIM,22,1,2,0,4,1,14,15,0,3,40,40,1250,1000,30
SIM,22,1,2,0,5,0,11,15,0,3,40,40,2150,1000,30
SIM,22,1,2,0,6,1,14,12,1,2,40,40,1650,1600,27
SIM,22,1,2,0,7,0,8,26,0,2,40,40,2550,850,30
SIM,22,1,2,0,8,1,11,20,1,1,40,40,2050,1650,27
SIM,22,1,2,0,9,0,8,20,0,1,40,40,2950,1650,30
SIM,22,1,2,0,10,1,11,14,1,0,40,40,2450,2550,25
SIM,22,1,2,0,11,0,8,17,0,1,40,40,3350,2050,30
SIM,22,1,2,0,12,1,11,14,1,0,40,40,2850,2950,27
SIM,22,1,2,0,13,0,8,17,0,1,40,40,3750,2450,30
SIM,22,1,2,0,14,1,11,14,1,0,40,40,3250,3350,27
SIM,22,1,2,0,15,0,8,17,0,1,40,40,4150,2850,30
SIM,22,1,2,0,16,1,11,14,1,0,40,40,3650,3750,27
SIM,22,1,2,0,17,0,8,17,0,1,40,40,4550,3250,30
SIM,22,1,2,0,18,1,11,14,1,0,40,40,4050,4150,27
SIM,22,1,2,0,19,0,8,17,0,1,40,40,4950,3650,30
SIM,22,1,2,0,20,1,11,14,1,0,40,40,4450,4550,27
SIM,22,1,2,0,21,0,8,17,0,1,40,40,5350,4050,30
SIM,22,1,2,0,22,1,11,14,1,0,40,40,4850,4950,27
SIM,22,1,2,0,23,0,8,17,0,1,40,40,5750,4450,30
SIM,22,1,2,0,24,1,11,14,1,0,40,40,5250,5350,27
SIM,22,1,2,0,25,0,8,17,0,1,40,40,6150,4850,30
SIM,22,1,2,0,26,1,11,14,1,0,40,40,5650,5750,27
SIM,22,1,2,0,27,0,8,17,0,1,40,40,6550,5250,30
SIM,22,1,2,0,28,1,11,14,1,0,40,40,6050,6150,27
SIM,22,1,2,0,29,0,8,17,0,1,40,40,6950,5650,30
SIM,22,1,2,0,30,1,11,14,1,0,40,40,6450,6550,27
SIM,22,1,2,0,31,0,8,17,0,1,40,40,7350,6050,30
SIM,22,1,2,0,32,1,11,14,1,0,40,40,6850,6950,27
SIM,22,1,2,0,33,0,8,17,0,1,40,40,7750,6450,30
SIM,22,1,2,0,34,1,11,14,1,0,40,40,7250,7350,27
SIM,22,1,2,0,35,0,8,17,0,1,40,40,8150,6850,30
SIM,22,1,2,0,36,1,11,14,1,0,40,40,7650,7750,27
SIM,22,1,2,0,37,0,8,17,0,1,40,40,8550,7250,30
SIM,22,1,2,0,38,1,11,14,1,0,40,40,8050,8150,27
SIM,22,1,2,0,39,0,8,17,0,1,40,40,8950,7650,30
SIM,22,1,2,0,40,1,11,14,1,0,40,40,8450,8550,27
SIM,22,1,2,0,41,0,8,17,0,1,40,40,9350,8050,30
SIM,22,1,2,0,42,1,11,14,1,0,40,40,8850,8950,27
SIM,22,1,2,0,43,0,8,17,0,1,40,40,9750,8450,30
SIM,22,1,2,0,44,1,11,14,1,0,40,40,9250,9350,27
SIM,22,1,2,0,45,0,8,17,0,1,40,40,10150,8850,30
SIM,22,1,2,0,46,1,11,14,1,0,40,40,9650,9750,27
SIM,22,1,2,0,47,0,8,17,0,1,40,40,10550,9250,30
SIM,22,1,2,0,48,1,11,14,1,0,40,40,10050,10150,27
SIM,22,1,2,0,49,0,8,17,0,1,40,40,10950,9650,30
SIM,22,1,2,0,50,1,11,14,1,0,40,40,10450,10550,27
SIM,22,1,2,0,51,0,8,17,0,1,40,40,11350,10050,30
SIM,22,1,2,0,52,1,11,14,1,0,40,40,10850,10950,27
SIM,22,1,2,0,53,0,8,17,0,1,40,40,11750,10450,30
SIM,22,1,2,0,54,1,11,14,1,0,40,40,11250,11350,27
SIM,22,1,2,0,55,0,8,17,0,1,40,40,12150,10850,30
SIM,22,1,2,0,56,1,11,14,1,0,40,40,11650,11750,27
SIM,22,1,2,0,57,0,8,17,0,1,40,40,12550,11250,30
SIM,22,1,2,0,58,1,11,14,1,0,40,40,12050,12150,27
SIM,22,1,2,0,59,0,8,17,0,1,40,40,12950,11650,30
SIM,22,1,2,0,60,1,11,14,1,0,40,40,12450,12550,27
SIM,22,1,2,0,61,0,8,17,0,1,40,40,13350,12050,30
SIM,22,1,2,0,62,1,11,14,1,0,40,40,12850,12950,27
SIM,22,1,2,0,63,0,8,17,0,1,40,40,13750,12450,30
SIM,22,1,2,0,64,1,11,14,1,0,40,40,13250,13350,27
SIM,22,1,2,0,65,0,8,17,0,1,40,40,14150,12850,30
SIM,22,1,2,0,66,1,11,14,1,0,40,40,13650,13750,27
SIM,22,1,2,0,67,0,8,17,0,1,40,40,14550,13250,30
SIM,22,1,2,0,68,1,11,14,1,0,40,40,14050,14150,27
SIM,22,1,2,0,69,0,8,17,0,1,40,40,14950,13650,30
SIM,22,1,2,0,70,1,11,14,1,0,40,40,14450,14550,27
SIM,22,1,2,0,71,0,8,17,0,1,40,40,15350,14050,30
SIM,22,1,2,0,72,1,11,14,1,0,40,40,14850,14950,27
SIM,22,1,2,0,73,0,8,17,0,1,40,40,15750,14450,30
SIM,22,1,2,0,74,1,11,14,1,0,40,40,15250,15350,27
SIM,22,1,2,0,75,0,8,17,0,1,40,40,16150,14850,30
SIM,22,1,2,0,76,1,11,14,1,0,40,40,15650,15750,27
SIM,22,1,2,0,77,0,8,17,0,1,40,40,16550,15250,30
SIM,22,1,2,0,78,1,11,14,1,0,40,40,16050,16150,27
SIM,22,1,2,0,79,0,8,17,0,1,40,40,16950,15650,30
SIM,22,1,2,0,80,1,11,14,1,0,40,40,16450,16550,27
SIM,22,1,2,0,81,0,8,17,0,1,40,40,17350,16050,30
SIM,22,1,2,0,82,1,11,14,1,0,40,40,16850,16950,27
SIM,22,1,2,0,83,0,8,17,0,1,40,40,17750,16450,30
SIM,22,1,2,0,84,1,11,14,1,0,40,40,17250,17350,27
SIM,22,1,2,0,85,0,8,17,0,1,40,40,18150,16850,30
SIM,22,1,2,0,86,1,11,14,1,0,40,40,17650,17750,27
SIM,22,1,2,0,87,0,8,17,0,1,40,40,18550,17250,30
SIM,22,1,2,0,88,1,11,14,1,0,40,40,18050,18150,27
SIM,22,1,2,0,89,0,8,17,0,1,40,40,18950,17650,30
SIM,22,1,2,0,90,1,11,14,1,0,40,40,18450,18550,27
SIM,22,1,2,0,91,0,8,17,0,1,40,40,19350,18050,30
SIM,22,1,2,0,92,1,11,14,1,0,40,40,18850,18950,27
SIM,22,1,2,0,93,0,8,17,0,1,40,40,19750,18450,30
SIM,22,1,2,0,94,1,11,14,1,0,40,40,19250,19350,27
SIM,22,1,2,0,95,0,8,17,0,1,40,40,20150,18850,30
SIM,22,1,2,0,96,1,11,14,1,0,40,40,19650,19750,27
SIM,22,1,2,0,97,0,8,17,0,1,40,40,20550,19250,30
SIM,22,1,2,0,98,1,11,14,1,0,40,40,20050,20150,27
SIM,22,1,2,0,99,0,8,17,0,1,40,40,20950,19650,30
SIM,22,1,2,0,100,1,11,14,1,0,40,40,20450,20550,27
SIM,22,1,2,0,101,0,8,17,0,1,40,40,21350,20050,30
SIM,22,1,2,0,102,1,11,14,1,0,40,40,20850,20950,27
SIM,22,1,2,0,103,0,8,17,0,1,40,40,21750,20450,30
SIM,22,1,2,0,104,1,11,14,1,0,40,40,21250,21350,27
SIM,22,1,2,0,105,0,8,17,0,1,40,40,22150,20850,30
SIM,22,1,2,0,106,1,11,14,1,0,40,40,21650,21750,27
SIM,22,1,2,0,107,0,8,17,0,1,40,40,22550,21250,30
SIM,22,1,2,0,108,1,11,14,1,0,40,40,22050,22150,27
SIM,22,1,2,0,109,0,8,17,0,1,40,40,22950,21650,30
SIM,22,1,2,0,110,1,11,14,1,0,40,40,22450,22550,27
SIM,22,1,2,0,111,0,8,17,0,1,40,40,23350,22050,30
SIM,22,1,2,0,112,1,11,14,1,0,40,40,22850,22950,27
SIM,22,1,2,0,113,0,8,17,0,1,40,40,23750,22450,30
SIM,22,1,2,0,114,1,11,14,1,0,40,40,23250,23350,27
SIM,22,1,2,0,115,0,8,17,0,1,40,40,24150,22850,30
SIM,22,1,2,0,116,1,11,14,1,0,40,40,23650,23750,27
SIM,22,1,2,0,117,0,8,17,0,1,40,40,24550,23250,30
SIM,22,1,2,0,118,1,11,14,1,0,40,40,24050,24150,27
SIM,22,1,2,0,119,0,8,17,0,1,40,40,24950,23650,30
SIM,22,1,2,0,120,1,11,14,1,0,40,40,24450,24550,27
SIM,23,1,2,1,1,0,0,12,0,2,40,40,1000,0,20
SIM,23,1,2,1,2,1,14,12,0,2,40,40,250,600,17
SIM,23,1,2,1,3,0,14,15,0,3,40,40,1250,450,30
SIM,23,1,2,1,4,1,14,15,0,3,40,40,1250,1000,30
SIM,23,1,2,1,5,0,14,26,0,2,40,40,2150,400,30
SIM,23,1,2,1,6,1,17,20,1,1,40,40,1650,1200,27
SIM,23,1,2,1,7,0,14,34,0,1,40,40,2550,450,30
SIM,23,1,2,1,8,1,17,28,1,0,40,40,2050,1350,27
SIM,23,1,2,1,9,0,14,31,0,1,40,40,2950,850,30
SIM,23,1,2,1,10,1,17,28,1,0,40,40,2450,1650,27
SIM,23,1,2,1,11,0,14,31,0,1,40,40,3350,1150,30
SIM,23,1,2,1,12,1,17,28,1,0,40,40,2850,1950,27
SIM,23,1,2,1,13,0,14,31,0,1,40,40,3750,1450,30
SIM,23,1,2,1,14,1,17,28,1,0,40,40,3250,2250,27
SIM,23,1,2,1,15,0,14,31,0,1,40,40,4150,1750,30
SIM,23,1,2,1,16,1,17,28,1,0,40,40,3650,2550,27
SIM,23,1,2,1,17,0,14,31,0,1,40,40,4550,2050,30
SIM,23,1,2,1,18,1,17,28,1,0,40,40,4050,2850,27
SIM,23,1,2,1,19,0,14,31,0,1,40,40,4950,2350,30
SIM,23,1,2,1,20,1,17,28,1,0,40,40,4450,3150,27
SIM,23,1,2,1,21,0,14,31,0,1,40,40,5350,2650,30
SIM,23,1,2,1,22,1,17,28,1,0,40,40,4850,3450,27
SIM,23,1,2,1,23,0,14,31,0,1,40,40,5750,2950,30
SIM,23,1,2,1,24,1,17,28,1,0,40,40,5250,3750,27
SIM,23,1,2,1,25,0,14,31,0,1,40,40,6150,3250,30
SIM,23,1,2,1,26,1,17,28,1,0,40,40,5650,4050,27
SIM,23,1,2,1,27,0,14,31,0,1,40,40,6550,3550,30
SIM,23,1,2,1,28,1,17,28,1,0,40,40,6050,4350,27
SIM,23,1,2,1,29,0,14,31,0,1,40,40,6950,3850,30
SIM,23,1,2,1,30,1,17,28,1,0,40,40,6450,4650,27
SIM,23,1,2,1,31,0,14,31,0,1,40,40,7350,4150,30
SIM,23,1,2,1,32,1,17,28,1,0,40,40,6850,4950,27
SIM,23,1,2,1,33,0,14,31,0,1,40,40,7750,4450,30
SIM,23,1,2,1,34,1,17,28,1,0,40,40,7250,5250,27
SIM,23,1,2,1,35,0,14,31,0,1,40,40,8150,4750,30
SIM,23,1,2,1,36,1,17,28,1,0,40,40,7650,5550,27
SIM,23,1,2,1,37,0,14,31,0,1,40,40,8550,5050,30
SIM,23,1,2,1,38,1,17,28,1,0,40,40,8050,5850,27
SIM,23,1,2,1,39,0,14,31,0,1,40,40,8950,5350,30
SIM,23,1,2,1,40,1,17,28,1,0,40,40,8450,6150,27
SIM,23,1,2,1,41,0,14,31,0,1,40,40,9350,5650,30
SIM,23,1,2,1,42,1,17,28,1,0,40,40,8850,6450,27
SIM,23,1,2,1,43,0,14,31,0,1,40,40,9750,5950,30
SIM,23,1,2,1,44,1,17,28,1,0,40,40,9250,6750,27
SIM,23,1,2,1,45,0,14,31,0,1,40,40,10150,6250,30
SIM,23,1,2,1,46,1,17,28,1,0,40,40,9650,7050,27
SIM,23,1,2,1,47,0,14,31,0,1,40,40,10550,6550,30
SIM,23,1,2,1,48,1,17,28,1,0,40,40,10050,7350,27
SIM,23,1,2,1,49,0,14,31,0,1,40,40,10950,6850,30
SIM,23,1,2,1,50,1,17,28,1,0,40,40,10450,7650,27
SIM,23,1,2,1,51,0,14,31,0,1,40,40,11350,7150,30
SIM,23,1,2,1,52,1,17,28,1,0,40,40,10850,7950,27
SIM,23,1,2,1,53,0,14,31,0,1,40,40,11750,7450,30
SIM,23,1,2,1,54,1,17,28,1,0,40,40,11250,8250,27
SIM,23,1,2,1,55,0,14,31,0,1,40,40,12150,7750,30
SIM,23,1,2,1,56,1,17,28,1,0,40,40,11650,8550,27
SIM,23,1,2,1,57,0,14,31,0,1,40,40,12550,8050,30
SIM,23,1,2,1,58,1,17,28,1,0,40,40,12050,8850,27
SIM,23,1,2,1,59,0,14,31,0,1,40,40,12950,8350,30
SIM,23,1,2,1,60,1,17,28,1,0,40,40,12450,9150,27
SIM,23,1,2,1,61,0,14,31,0,1,40,40,13350,8650,30
SIM,23,1,2,1,62,1,17,28,1,0,40,40,12850,9450,27
SIM,23,1,2,1,63,0,14,31,0,1,40,40,13750,8950,30
SIM,23,1,2,1,64,1,17,28,1,0,40,40,13250,9750,27
SIM,23,1,2,1,65,0,14,31,0,1,40,40,14150,9250,30
SIM,23,1,2,1,66,1,17,28,1,0,40,40,13650,10050,27
SIM,23,1,2,1,67,0,14,31,0,1,40,40,14550,9550,30
SIM,23,1,2,1,68,1,17,28,1,0,40,40,14050,10350,27
SIM,23,1,2,1,69,0,14,31,0,1,40,40,14950,9850,30
SIM,23,1,2,1,70,1,17,28,1,0,40,40,14450,10650,27
SIM,23,1,2,1,71,0,14,31,0,1,40,40,15350,10150,30
SIM,23,1,2,1,72,1,17,28,1,0,40,40,14850,10950,27
SIM,23,1,2,1,73,0,14,31,0,1,40,40,15750,10450,30
SIM,23,1,2,1,74,1,17,28,1,0,40,40,15250,11250,27
SIM,23,1,2,1,75,0,14,31,0,1,40,40,16150,10750,30
SIM,23,1,2,1,76,1,17,28,1,0,40,40,15650,11550,27
SIM,23,1,2,1,77,0,14,31,0,1,40,40,16550,11050,30
SIM,23,1,2,1,78,1,17,28,1,0,40,40,16050,11850,27
SIM,23,1,2,1,79,0,14,31,0,1,40,40,16950,11350,30
SIM,23,1,2,1,80,1,17,28,1,0,40,40,16450,12150,27
SIM,23,1,2,1,81,0,14,31,0,1,40,40,17350,11650,30
SIM,23,1,2,1,82,1,17,28,1,0,40,40,16850,12450,27
SIM,23,1,2,1,83,0,14,31,0,1,40,40,17750,11950,30
SIM,23,1,2,1,84,1,17,28,1,0,40,40,17250,12750,27
SIM,23,1,2,1,85,0,14,31,0,1,40,40,18150,12250,30
SIM,23,1,2,1,86,1,17,28,1,0,40,40,17650,13050,27
SIM,23,1,2,1,87,0,14,31,0,1,40,40,18550,12550,30
SIM,23,1,2,1,88,1,17,28,1,0,40,40,18050,13350,27
SIM,23,1,2,1,89,0,14,31,0,1,40,40,18950,12850,30
SIM,23,1,2,1,90,1,17,28,1,0,40,40,18450,13650,27
SIM,23,1,2,1,91,0,14,31,0,1,40,40,19350,13150,30
SIM,23,1,2,1,92,1,17,28,1,0,40,40,18850,13950,27
SIM,23,1,2,1,93,0,14,31,0,1,40,40,19750,13450,30
SIM,23,1,2,1,94,1,17,28,1,0,40,40,19250,14250,27
SIM,23,1,2,1,95,0,14,31,0,1,40,40,20150,13750,30
SIM,23,1,2,1,96,1,17,28,1,0,40,40,19650,14550,27
SIM,23,1,2,1,97,0,14,31,0,1,40,40,20550,14050,30
SIM,23,1,2,1,98,1,17,28,1,0,40,40,20050,14850,27
SIM,23,1,2,1,99,0,14,31,0,1,40,40,20950,14350,30
SIM,23,1,2,1,100,1,17,28,1,0,40,40,20450,15150,27
SIM,23,1,2,1,101,0,14,31,0,1,40,40,21350,14650,30
SIM,23,1,2,1,102,1,17,28,1,0,40,40,20850,15450,27
SIM,23,1,2,1,103,0,14,31,0,1,40,40,21750,14950,30
SIM,23,1,2,1,104,1,17,28,1,0,40,40,21250,15750,27
SIM,23,1,2,1,105,0,14,31,0,1,40,40,22150,15250,30
SIM,23,1,2,1,106,1,17,28,1,0,40,40,21650,16050,27
SIM,23,1,2,1,107,0,14,31,0,1,40,40,22550,15550,30
SIM,23,1,2,1,108,1,17,28,1,0,40,40,22050,16350,27
SIM,23,1,2,1,109,0,14,31,0,1,40,40,22950,15850,30
SIM,23,1,2,1,110,1,17,28,1,0,40,40,22450,16650,27
SIM,23,1,2,1,111,0,14,31,0,1,40,40,23350,16150,30
SIM,23,1,2,1,112,1,17,28,1,0,40,40,22850,16950,27
SIM,23,1,2,1,113,0,14,31,0,1,40,40,23750,16450,30
SIM,23,1,2,1,114,1,17,28,1,0,40,40,23250,17250,27
SIM,23,1,2,1,115,0,14,31,0,1,40,40,24150,16750,30
SIM,23,1,2,1,116,1,17,28,1,0,40,40,23650,17550,27
SIM,23,1,2,1,117,0,14,31,0,1,40,40,24550,17050,30
SIM,23,1,2,1,118,1,17,28,1,0,40,40,24050,17850,27
SIM,23,1,2,1,119,0,14,31,0,1,40,40,24950,17350,30
SIM,23,1,2,1,120,1,17,28,1,0,40,40,24450,18150,27
SIM,24,1,2,2,1,0,0,12,0,2,40,40,1000,0,20
SIM,24,1,2,2,2,1,14,12,0,2,40,40,250,600,17
SIM,24,1,2,2,3,0,14,15,0,3,40,40,1250,450,30
SIM,24,1,2,2,4,1,14,15,0,3,40,40,1250,1000,30
SIM,24,1,2,2,5,0,11,15,0,3,40,40,2150,1000,30
SIM,24,1,2,2,6,1,14,12,1,2,40,40,1650,1600,27
SIM,24,1,2,2,7,0,8,26,0,2,40,40,2550,850,30
SIM,24,1,2,2,8,1,11,20,1,1,40,40,2050,1650,27
SIM,24,1,2,2,9,0,8,20,0,1,40,40,2950,1650,30
SIM,24,1,2,2,10,1,11,14,1,0,40,40,2450,2550,27
SIM,24,1,2,2,11,0,8,17,0,1,40,40,3350,2050,30
SIM,24,1,2,2,12,1,11,14,1,0,40,40,2850,2950,27
SIM,24,1,2,2,13,0,8,17,0,1,40,40,3750,2450,30
SIM,24,1,2,2,14,1,11,14,1,0,40,40,3250,3350,27
SIM,24,1,2,2,15,0,8,17,0,1,40,40,4150,2850,30
SIM,24,1,2,2,16,1,11,14,1,0,40,40,3650,3750,27
SIM,24,1,2,2,17,0,8,17,0,1,40,40,4550,3250,30
SIM,24,1,2,2,18,1,11,14,1,0,40,40,4050,4150,27
SIM,24,1,2,2,19,0,8,17,0,1,40,40,4950,3650,30
SIM,24,1,2,2,20,1,11,14,1,0,40,40,4450,4550,27
SIM,24,1,2,2,21,0,8,17,0,1,40,40,5350,4050,30
SIM,24,1,2,2,22,1,11,14,1,0,40,40,4850,4950,27
SIM,24,1,2,2,23,0,8,17,0,1,40,40,5750,4450,30
SIM,24,1,2,2,24,1,11,14,1,0,40,40,5250,5350,27
SIM,24,1,2,2,25,0,8,17,0,1,40,40,6150,4850,30
SIM,24,1,2,2,26,1,11,14,1,0,40,40,5650,5750,27
SIM,24,1,2,2,27,0,8,17,0,1,40,40,6550,5250,30
SIM,24,1,2,2,28,1,11,14,1,0,40,40,6050,6150,27
SIM,24,1,2,2,29,0,8,17,0,1,40,40,6950,5650,30
SIM,24,1,2,2,30,1,11,14,1,0,40,40,6450,6550,27
SIM,24,1,2,2,31,0,8,17,0,1,40,40,7350,6050,30
SIM,24,1,2,2,32,1,11,14,1,0,40,40,6850,6950,27
SIM,24,1,2,2,33,0,8,17,0,1,40,40,7750,6450,30
SIM,24,1,2,2,34,1,11,14,1,0,40,40,7250,7350,27
SIM,24,1,2,2,35,0,8,17,0,1,40,40,8150,6850,30
SIM,24,1,2,2,36,1,11,14,1,0,40,40,7650,7750,27
SIM,24,1,2,2,37,0,8,17,0,1,40,40,8550,7250,30
SIM,24,1,2,2,38,1,11,14,1,0,40,40,8050,8150,27
SIM,24,1,2,2,39,0,8,17,0,1,40,40,8950,7650,30
SIM,24,1,2,2,40,1,11,14,1,0,40,40,8450,8550,27
SIM,24,1,2,2,41,0,8,17,0,1,40,40,9350,8050,30
SIM,24,1,2,2,42,1,11,14,1,0,40,40,8850,8950,27
SIM,24,1,2,2,43,0,8,17,0,1,40,40,9750,8450,30
SIM,24,1,2,2,44,1,11,14,1,0,40,40,9250,9350,27
SIM,24,1,2,2,45,0,8,17,0,1,40,40,10150,8850,30
SIM,24,1,2,2,46,1,11,14,1,0,40,40,9650,9750,27
SIM,24,1,2,2,47,0,8,17,0,1,40,40,10550,9250,30
SIM,24,1,2,2,48,1,11,14,1,0,40,40,10050,10150,27
SIM,24,1,2,2,49,0,8,17,0,1,40,40,10950,9650,30
SIM,24,1,2,2,50,1,11,14,1,0,40,40,10450,10550,27
SIM,24,1,2,2,51,0,8,17,0,1,40,40,11350,10050,30
SIM,24,1,2,2,52,1,11,14,1,0,40,40,10850,10950,27
SIM,24,1,2,2,53,0,8,17,0,1,40,40,11750,10450,30
SIM,24,1,2,2,54,1,11,14,1,0,40,40,11250,11350,27
SIM,24,1,2,2,55,0,8,17,0,1,40,40,12150,10850,30
SIM,24,1,2,2,56,1,11,14,1,0,40,40,11650,11750,27
SIM,24,1,2,2,57,0,8,17,0,1,40,40,12550,11250,30
SIM,24,1,2,2,58,1,11,14,1,0,40,40,12050,12150,27
SIM,24,1,2,2,59,0,8,17,0,1,40,40,12950,11650,30
SIM,24,1,2,2,60,1,11,14,1,0,40,40,12450,12550,27
SIM,24,1,2,2,61,0,8,17,0,1,40,40,13350,12050,30
SIM,24,1,2,2,62,1,11,14,1,0,40,40,12850,12950,27
SIM,24,1,2,2,63,0,8,17,0,1,40,40,13750,12450,30
SIM,24,1,2,2,64,1,11,14,1,0,40,40,13250,13350,27
SIM,24,1,2,2,65,0,8,17,0,1,40,40,14150,12850,30
SIM,24,1,2,2,66,1,11,14,1,0,40,40,13650,13750,27
SIM,24,1,2,2,67,0,8,17,0,1,40,40,14550,13250,30
SIM,24,1,2,2,68,1,11,14,1,0,40,40,14050,14150,27
SIM,24,1,2,2,69,0,8,17,0,1,40,40,14950,13650,30
SIM,24,1,2,2,70,1,11,14,1,0,40,40,14450,14550,27
SIM,24,1,2,2,71,0,8,17,0,1,40,40,15350,14050,30
SIM,24,1,2,2,72,1,11,14,1,0,40,40,14850,14950,27
SIM,24,1,2,2,73,0,8,17,0,1,40,40,15750,14450,30
SIM,24,1,2,2,74,1,11,14,1,0,40,40,15250,15350,27
SIM,24,1,2,2,75,0,8,17,0,1,40,40,16150,14850,30
SIM,24,1,2,2,76,1,11,14,1,0,40,40,15650,15750,27
SIM,24,1,2,2,77,0,8,17,0,1,40,40,16550,15250,30
SIM,24,1,2,2,78,1,11,14,1,0,40,40,16050,16150,27
SIM,24,1,2,2,79,0,8,17,0,1,40,40,16950,15650,30
SIM,24,1,2,2,80,1,11,14,1,0,40,40,16450,16550,27
SIM,24,1,2,2,81,0,8,17,0,1,40,40,17350,16050,30
SIM,24,1,2,2,82,1,11,14,1,0,40,40,16850,16950,27
SIM,24,1,2,2,83,0,8,17,0,1,40,40,17750,16450,30
SIM,24,1,2,2,84,1,11,14,1,0,40,40,17250,17350,27
SIM,24,1,2,2,85,0,8,17,0,1,40,40,18150,16850,30
SIM,24,1,2,2,86,1,11,14,1,0,40,40,17650,17750,27
SIM,24,1,2,2,87,0,8,17,0,1,40,40,18550,17250,30
SIM,24,1,2,2,88,1,11,14,1,0,40,40,18050,18150,27
SIM,24,1,2,2,89,0,8,17,0,1,40,40,18950,17650,30
SIM,24,1,2,2,90,1,11,14,1,0,40,40,18450,18550,27
SIM,24,1,2,2,91,0,8,17,0,1,40,40,19350,18050,30
SIM,24,1,2,2,92,1,11,14,1,0,40,40,18850,18950,27
SIM,24,1,2,2,93,0,8,17,0,1,40,40,19750,18450,30
SIM,24,1,2,2,94,1,11,14,1,0,40,40,19250,19350,27
SIM,24,1,2,2,95,0,8,17,0,1,40,40,20150,18850,30
SIM,24,1,2,2,96,1,11,14,1,0,40,40,19650,19750,27
SIM,24,1,2,2,97,0,8,17,0,1,40,40,20550,19250,30
SIM,24,1,2,2,98,1,11,14,1,0,40,40,20050,20150,27
SIM,24,1,2,2,99,0,8,17,0,1,40,40,20950,19650,30
SIM,24,1,2,2,100,1,11,14,1,0,40,40,20450,20550,27
SIM,24,1,2,2,101,0,8,17,0,1,40,40,21350,20050,30
SIM,24,1,2,2,102,1,11,14,1,0,40,40,20850,20950,27
SIM,24,1,2,2,103,0,8,17,0,1,40,40,21750,20450,30
SIM,24,1,2,2,104,1,11,14,1,0,40,40,21250,21350,27
SIM,24,1,2,2,105,0,8,17,0,1,40,40,22150,20850,30
SIM,24,1,2,2,106,1,11,14,1,0,40,40,21650,21750,27
SIM,24,1,2,2,107,0,8,17,0,1,40,40,22550,21250,30
SIM,24,1,2,2,108,1,11,14,1,0,40,40,22050,22150,27
SIM,24,1,2,2,109,0,8,17,0,1,40,40,22950,21650,30
SIM,24,1,2,2,110,1,11,14,1,0,40,40,22450,22550,27
SIM,24,1,2,2,111,0,8,17,0,1,40,40,23350,22050,30
SIM,24,1,2,2,112,1,11,14,1,0,40,40,22850,22950,27
SIM,24,1,2,2,113,0,8,17,0,1,40,40,23750,22450,30
SIM,24,1,2,2,114,1,11,14,1,0,40,40,23250,23350,27
SIM,24,1,2,2,115,0,8,17,0,1,40,40,24150,22850,30
SIM,24,1,2,2,116,1,11,14,1,0,40,40,23650,23750,27
SIM,24,1,2,2,117,0,8,17,0,1,40,40,24550,23250,30
SIM,24,1,2,2,118,1,11,14,1,0,40,40,24050,24150,27
SIM,24,1,2,2,119,0,8,17,0,1,40,40,24950,23650,30
SIM,24,1,2,2,120,1,11,14,1,0,40,40,24450,24550,27
SIM,25,0,3,0,1,0,18,0,3,0,40,40,1000,0,20
SIM,25,0,3,0,2,1,21,0,4,0,40,40,850,1000,1
SIM,25,0,3,0,3,0,21,14,4,0,40,40,1200,250,21
SIM,25,0,3,0,4,1,32,8,3,0,40,40,600,1250,15
SIM,25,0,3,0,5,0,32,8,3,0,40,40,1000,1250,30
SIM,25,0,3,0,6,1,46,0,3,0,40,40,250,2250,17
SIM,25,0,3,0,7,0,46,14,3,0,40,40,550,1500,30
SIM,25,0,3,0,8,1,49,8,4,0,40,35,50,2500,13
SIM,25,0,3,0,9,0,49,8,4,0,40,35,50,2500,30
SIM,25,0,3,0,10,1,49,2,4,0,40,30,50,3400,18
SIM,25,0,3,0,11,0,46,5,3,1,40,30,250,2900,30
SIM,25,0,3,0,12,1,49,0,4,0,40,29,100,3900,6
SIM,25,0,3,0,13,0,49,14,4,0,40,29,250,3150,26
SIM,25,0,3,0,14,1,49,8,4,0,40,28,250,4150,20
SIM,25,0,3,0,15,0,49,8,4,0,40,28,400,4150,30
SIM,25,0,3,0,16,1,55,0,5,0,40,27,0,5150,19
SIM,25,0,3,0,17,0,55,14,5,0,40,27,0,4400,30
SIM,25,0,3,0,18,1,55,5,5,0,40,26,0,5400,22
SIM,25,0,3,0,19,0,55,5,5,0,40,26,0,5400,30
SIM,25,0,3,0,20,1,55,0,5,0,40,24,0,6400,16
SIM,25,0,3,0,21,0,55,14,5,0,40,24,0,5650,30
SIM,25,0,3,0,22,1,55,8,5,0,40,22,0,6650,22
SIM,25,0,3,0,23,0,55,8,5,0,40,22,0,6650,30
SIM,25,0,3,0,24,1,55,2,5,0,40,20,0,7550,22
SIM,25,0,3,0,25,0,49,5,4,1,40,20,150,7050,30
SIM,25,0,3,0,26,1,52,0,5,0,40,19,0,8050,16
SIM,25,0,3,0,27,0,52,14,5,0,40,19,100,7300,30
SIM,25,0,3,0,28,1,52,8,5,0,40,18,100,8300,14
SIM,25,0,3,0,29,0,52,8,5,0,40,18,200,8300,30
SIM,25,0,3,0,30,1,55,2,6,0,40,17,50,9200,14
SIM,25,0,3,0,31,0,49,5,5,1,40,17,300,8700,30
SIM,25,0,3,0,32,1,49,0,5,0,40,17,300,9700,22
SIM,25,0,3,0,33,0,49,14,5,0,40,17,550,8950,30
SIM,25,0,3,0,34,1,52,5,6,0,40,16,50,9950,17
SIM,25,0,3,0,35,0,52,5,6,0,40,16,100,9950,30
SIM,25,0,3,0,36,1,52,0,6,0,40,15,100,10950,26
SIM,25,0,3,0,37,0,52,14,6,0,40,15,150,10200,30
SIM,25,0,3,0,38,1,55,5,7,0,40,14,0,11200,20
SIM,25,0,3,0,39,0,55,5,7,0,40,14,0,11200,30
SIM,25,0,3,0,40,1,55,0,7,0,40,13,0,12200,26
SIM,25,0,3,0,41,0,55,14,7,0,40,13,0,11450,30
SIM,25,0,3,0,42,1,55,8,7,0,40,12,0,12450,18
SIM,25,0,3,0,43,0,55,8,7,0,40,12,0,12450,30
SIM,25,0,3,0,44,1,55,0,7,0,40,11,0,13450,14
SIM,25,0,3,0,45,0,55,14,7,0,40,11,0,12700,30
SIM,25,0,3,0,46,1,55,8,7,0,40,10,0,13700,18
SIM,25,0,3,0,47,0,55,8,7,0,40,10,0,13700,30
SIM,25,0,3,0,48,1,55,2,7,0,40,9,0,14600,16
SIM,25,0,3,0,49,0,52,5,6,1,40,9,50,14100,30
SIM,25,0,3,0,50,1,52,0,6,0,40,8,50,15100,14
SIM,25,0,3,0,51,0,52,14,6,0,40,8,100,14350,30
SIM,25,0,3,0,52,1,52,5,6,0,40,7,100,15350,16
SIM,25,0,3,0,53,0,52,5,6,0,40,7,150,15350,30
SIM,25,0,3,0,54,1,55,0,7,0,40,6,0,16350,14
SIM,25,0,3,0,55,0,55,14,7,0,40,6,0,15600,30
SIM,25,0,3,0,56,1,55,8,7,0,40,5,0,16600,18
SIM,25,0,3,0,57,0,55,8,7,0,40,5,0,16600,30
SIM,25,0,3,0,58,1,55,0,7,0,40,5,0,17600,23
SIM,25,0,3,0,59,0,55,14,7,0,40,5,0,16850,30
SIM,25,0,3,0,60,1,55,5,7,0,40,5,0,17850,12
SIM,25,0,3,0,61,0,55,5,7,0,40,5,0,17850,30
SIM,25,0,3,0,62,1,55,0,7,0,40,5,0,18850,28
SIM,25,0,3,0,63,0,55,14,7,0,40,5,0,18100,30
SIM,25,0,3,0,64,1,55,5,7,0,40,5,0,19100,12
SIM,25,0,3,0,65,0,55,5,7,0,40,5,0,19100,30
SIM,25,0,3,0,66,1,55,0,7,0,40,5,0,20100,28
SIM,25,0,3,0,67,0,55,14,7,0,40,5,0,19350,30
SIM,25,0,3,0,68,1,55,5,7,0,40,5,0,20350,16
SIM,25,0,3,0,69,0,55,5,7,0,40,5,0,20350,30
SIM,25,0,3,0,70,1,55,0,7,0,40,5,0,21350,26
SIM,25,0,3,0,71,0,55,14,7,0,40,5,0,20600,30
SIM,25,0,3,0,72,1,55,5,7,0,40,5,0,21600,24
SIM,25,0,3,0,73,0,55,5,7,0,40,5,0,21600,30
SIM,25,0,3,0,74,1,55,0,7,0,40,5,0,22600,28
SIM,25,0,3,0,75,0,55,14,7,0,40,5,0,21850,30
SIM,25,0,3,0,76,1,55,5,7,0,40,5,0,22850,26
SIM,25,0,3,0,77,0,55,5,7,0,40,5,0,22850,30
SIM,25,0,3,0,78,1,55,0,7,0,40,5,0,23850,28
SIM,25,0,3,0,79,0,55,14,7,0,40,5,0,23100,30
SIM,25,0,3,0,80,1,55,5,7,0,40,5,0,24100,26
SIM,25,0,3,0,81,0,55,5,7,0,40,5,0,24100,30
SIM,25,0,3,0,82,1,55,0,7,0,40,5,0,25100,28
SIM,25,0,3,0,83,0,55,14,7,0,40,5,0,24350,30
SIM,25,0,3,0,84,1,55,5,7,0,40,5,0,25350,26
SIM,25,0,3,0,85,0,55,5,7,0,40,5,0,25350,30
SIM,25,0,3,0,86,1,55,0,7,0,40,5,0,26350,28
SIM,25,0,3,0,87,0,55,14,7,0,40,5,0,25600,30
SIM,25,0,3,0,88,1,55,5,7,0,40,5,0,26600,26
SIM,25,0,3,0,89,0,55,5,7,0,40,5,0,26600,30
SIM,25,0,3,0,90,1,55,0,7,0,40,5,0,27600,28
SIM,25,0,3,0,91,0,55,14,7,0,40,5,0,26850,30
SIM,25,0,3,0,92,1,55,5,7,0,40,5,0,27850,26
SIM,25,0,3,0,93,0,55,5,7,0,40,5,0,27850,30
SIM,25,0,3,0,94,1,55,0,7,0,40,5,0,28850,28
SIM,25,0,3,0,95,0,55,14,7,0,40,5,0,28100,30
SIM,25,0,3,0,96,1,55,5,7,0,40,5,0,29100,26
SIM,25,0,3,0,97,0,55,5,7,0,40,5,0,29100,30
SIM,25,0,3,0,98,1,55,0,7,0,40,5,0,30100,28
SIM,25,0,3,0,99,0,55,14,7,0,40,5,0,29350,30
SIM,25,0,3,0,100,1,55,5,7,0,40,5,0,30350,26
SIM,25,0,3,0,101,0,55,5,7,0,40,5,0,30350,30
SIM,25,0,3,0,102,1,55,0,7,0,40,5,0,31350,28
SIM,25,0,3,0,103,0,55,14,7,0,40,5,0,30600,30
SIM,25,0,3,0,104,1,55,5,7,0,40,5,0,31600,26
SIM,25,0,3,0,105,0,55,5,7,0,40,5,0,31600,30
SIM,25,0,3,0,106,1,55,0,7,0,40,5,0,32600,28
SIM,25,0,3,0,107,0,55,14,7,0,40,5,0,31850,30
SIM,25,0,3,0,108,1,55,5,7,0,40,5,0,32850,26
SIM,25,0,3,0,109,0,55,5,7,0,40,5,0,32850,30
SIM,25,0,3,0,110,1,55,0,7,0,40,5,0,33850,28
SIM,25,0,3,0,111,0,55,14,7,0,40,5,0,33100,30
SIM,25,0,3,0,112,1,55,5,7,0,40,5,0,34100,26
SIM,25,0,3,0,113,0,55,5,7,0,40,5,0,34100,30
SIM,25,0,3,0,114,1,55,0,7,0,40,5,0,35100,28
SIM,25,0,3,0,115,0,55,14,7,0,40,5,0,34350,30
SIM,25,0,3,0,116,1,55,5,7,0,40,5,0,35350,26
SIM,25,0,3,0,117,0,55,5,7,0,40,5,0,35350,30
SIM,25,0,3,0,118,1,55,0,7,0,40,5,0,36350,28
SIM,25,0,3,0,119,0,55,14,7,0,40,5,0,35600,30
SIM,25,0,3,0,120,1,55,5,7,0,40,5,0,36600,26
SIM,26,0,3,1,1,0,18,0,3,0,40,40,1000,0,20
SIM,26,0,3,1,2,1,32,0,3,0,40,39,250,1000,3
SIM,26,0,3,1,3,0,32,14,3,0,40,39,650,250,23
SIM,26,0,3,1,4,1,32,11,3,0,40,38,650,1250,17
SIM,26,0,3,1,5,0,32,11,3,0,40,38,950,1250,30
SIM,26,0,3,1,6,1,35,8,4,0,40,33,450,2150,13
SIM,26,0,3,1,7,0,29,11,3,1,40,33,750,1650,30
SIM,26,0,3,1,8,1,35,0,5,0,40,29,100,2650,0
SIM,26,0,3,1,9,0,35,14,5,0,40,29,150,1900,20
SIM,26,0,3,1,10,1,35,8,5,0,40,21,150,2900,3
SIM,26,0,3,1,11,0,35,8,5,0,40,21,200,2900,23
SIM,26,0,3,1,12,1,38,5,6,0,40,12,50,3800,0
SIM,26,0,3,1,13,0,35,8,5,1,40,12,100,3300,20
SIM,26,0,3,1,14,1,35,0,5,0,40,7,100,4300,0
SIM,26,0,3,1,15,0,35,14,5,0,40,7,150,3550,20
SIM,27,0,3,2,1,0,18,0,3,0,40,40,1000,0,20
SIM,27,0,3,2,2,1,21,0,4,0,40,40,850,1000,1
SIM,27,0,3,2,3,0,21,14,4,0,40,40,1200,250,21
SIM,27,0,3,2,4,1,32,8,3,0,40,40,600,1250,15
SIM,27,0,3,2,5,0,32,8,3,0,40,40,1000,1250,30
SIM,27,0,3,2,6,1,46,0,3,0,40,40,250,2250,17
SIM,27,0,3,2,7,0,46,14,3,0,40,40,550,1500,30
SIM,27,0,3,2,8,1,49,8,4,0,40,35,50,2500,13
SIM,27,0,3,2,9,0,49,8,4,0,40,35,50,2500,30
SIM,27,0,3,2,10,1,49,2,4,0,40,30,50,3400,18
SIM,27,0,3,2,11,0,46,5,3,1,40,30,250,2900,30
SIM,27,0,3,2,12,1,49,0,4,0,40,29,100,3900,6
SIM,27,0,3,2,13,0,49,14,4,0,40,29,250,3150,26
SIM,27,0,3,2,14,1,49,8,4,0,40,28,250,4150,20
SIM,27,0,3,2,15,0,49,8,4,0,40,28,400,4150,30
SIM,27,0,3,2,16,1,55,0,5,0,40,27,0,5150,19
SIM,27,0,3,2,17,0,55,14,5,0,40,27,0,4400,30
SIM,27,0,3,2,18,1,55,5,5,0,40,26,0,5400,22
SIM,27,0,3,2,19,0,55,5,5,0,40,26,0,5400,30
SIM,27,0,3,2,20,1,55,0,5,0,40,24,0,6400,20
SIM,27,0,3,2,21,0,55,14,5,0,40,24,0,5650,30
SIM,27,0,3,2,22,1,55,8,5,0,40,22,0,6650,22
SIM,27,0,3,2,23,0,55,8,5,0,40,22,0,6650,30
SIM,27,0,3,2,24,1,55,2,5,0,40,20,0,7550,22
SIM,27,0,3,2,25,0,49,5,4,1,40,20,150,7050,30
SIM,27,0,3,2,26,1,52,0,5,0,40,19,0,8050,16
SIM,27,0,3,2,27,0,52,14,5,0,40,19,100,7300,30
SIM,27,0,3,2,28,1,52,11,5,0,40,18,100,8300,16
SIM,27,0,3,2,29,0,52,11,5,0,40,18,200,8300,30
SIM,27,0,3,2,30,1,55,8,6,0,40,16,50,9200,0
SIM,27,0,3,2,31,0,52,11,5,1,40,16,150,8700,20
SIM,27,0,3,2,32,1,52,8,5,0,40,14,150,9600,14
SIM,27,0,3,2,33,0,46,11,4,1,40,14,450,9100,30
SIM,27,0,3,2,34,1,52,5,5,0,40,13,50,10000,9
SIM,27,0,3,2,35,0,46,8,4,1,40,13,350,9500,29
SIM,27,0,3,2,36,1,49,5,5,0,40,12,200,10400,24
SIM,27,0,3,2,37,0,46,8,4,1,40,12,500,9900,30
SIM,27,0,3,2,38,1,49,0,5,0,40,11,0,10900,10
SIM,27,0,3,2,39,0,49,14,5,0,40,11,100,10150,30
SIM,27,0,3,2,40,1,49,5,5,0,40,10,100,11150,22
SIM,27,0,3,2,41,0,49,5,5,0,40,10,200,11150,30
SIM,27,0,3,2,42,1,52,0,6,0,40,9,50,12150,14
SIM,27,0,3,2,43,0,52,14,6,0,40,9,100,11400,30
SIM,27,0,3,2,44,1,52,5,6,0,40,8,100,12400,18
SIM,27,0,3,2,45,0,52,5,6,0,40,8,150,12400,30
SIM,27,0,3,2,46,1,55,0,7,0,40,7,0,13400,22
SIM,27,0,3,2,47,0,55,14,7,0,40,7,0,12650,30
SIM,27,0,3,2,48,1,55,8,7,0,40,6,0,13650,6
SIM,27,0,3,2,49,0,55,8,7,0,40,6,0,13650,26
SIM,27,0,3,2,50,1,55,0,7,0,40,5,0,14650,10
SIM,27,0,3,2,51,0,55,14,7,0,40,5,0,13900,30
SIM,27,0,3,2,52,1,55,8,7,0,40,4,0,14900,22
SIM,27,0,3,2,53,0,55,8,7,0,40,4,0,14900,30
SIM,27,0,3,2,54,1,55,2,7,0,40,3,0,15800,16
SIM,27,0,3,2,55,0,52,5,6,1,40,3,50,15300,30
SIM,27,0,3,2,56,1,52,0,6,0,40,2,50,16300,14
SIM,27,0,3,2,57,0,52,14,6,0,40,2,100,15550,30
SIM,27,0,3,2,58,1,52,5,6,0,40,1,100,16550,16
SIM,27,0,3,2,59,0,52,5,6,0,40,1,150,16550,30
SIM,28,1,3,0,1,0,0,18,0,3,40,40,1000,0,20
SIM,28,1,3,0,2,1,14,18,0,3,40,40,250,400,17
SIM,28,1,3,0,3,0,11,18,0,3,40,40,1250,400,30
SIM,28,1,3,0,4,1,11,18,0,3,40,40,1250,800,30
SIM,28,1,3,0,5,0,5,32,0,3,40,40,2150,50,30
SIM,28,1,3,0,6,1,8,26,1,2,40,40,1650,650,27
SIM,28,1,3,0,7,0,2,26,0,2,40,40,2550,650,30
SIM,28,1,3,0,8,1,5,20,1,1,40,40,2050,1350,27
SIM,28,1,3,0,9,0,0,23,0,2,40,40,3050,850,30
SIM,28,1,3,0,10,1,14,23,0,2,40,40,2300,1350,27
SIM,28,1,3,0,11,0,0,26,0,3,40,40,3300,850,30
SIM,28,1,3,0,12,1,0,26,0,3,40,40,3300,1150,30
SIM,28,1,3,0,13,0,0,29,0,4,27,40,4300,650,30
SIM,28,1,3,0,14,1,14,29,0,4,27,40,3550,750,27
SIM,28,1,3,0,15,0,8,32,0,5,18,40,4550,250,30
SIM,28,1,3,0,16,1,8,32,0,5,18,40,4550,150,30
SIM,28,1,3,0,17,0,0,35,0,6,9,40,5550,0,30
SIM,28,1,3,0,18,1,14,35,0,6,9,40,4800,0,27
SIM,29,1,3,1,1,0,0,18,0,3,40,40,1000,0,20
SIM,29,1,3,1,2,1,14,18,0,3,40,40,250,400,17
SIM,29,1,3,1,3,0,11,21,0,4,40,40,1250,250,30
SIM,29,1,3,1,4,1,11,21,0,4,40,40,1250,600,30
SIM,29,1,3,1,5,0,8,21,0,4,40,40,2150,600,30
SIM,29,1,3,1,6,1,11,18,1,3,40,40,1650,1000,27
SIM,29,1,3,1,7,0,2,32,0,3,40,40,2550,250,30
SIM,29,1,3,1,8,1,5,26,1,2,40,40,2050,850,27
SIM,29,1,3,1,9,0,0,26,0,2,40,40,3050,850,30
SIM,29,1,3,1,10,1,14,26,0,2,40,40,2300,1350,27
SIM,29,1,3,1,11,0,2,29,0,3,40,40,3300,850,30
SIM,29,1,3,1,12,1,2,29,0,3,40,40,3300,1150,30
SIM,29,1,3,1,13,0,0,32,0,4,35,40,4300,650,30
SIM,29,1,3,1,14,1,14,32,0,4,35,40,3550,750,27
SIM,29,1,3,1,15,0,8,38,0,6,26,40,4550,100,30
SIM,29,1,3,1,16,1,8,38,0,6,26,40,4550,0,30
SIM,29,1,3,1,17,0,0,38,0,6,18,40,5550,0,30
SIM,29,1,3,1,18,1,14,38,0,6,18,40,4800,0,27
SIM,29,1,3,1,19,0,5,38,0,6,9,40,5800,0,30
SIM,29,1,3,1,20,1,5,38,0,6,9,40,5800,0,30
SIM,30,1,3,2,1,0,0,18,0,3,40,40,1000,0,20
SIM,30,1,3,2,2,1,14,18,0,3,40,40,250,400,17
SIM,30,1,3,2,3,0,11,18,0,3,40,40,1250,400,30
SIM,30,1,3,2,4,1,11,18,0,3,40,40,1250,800,30
SIM,30,1,3,2,5,0,5,32,0,3,40,40,2150,50,30
SIM,30,1,3,2,6,1,8,26,1,2,40,40,1650,650,27
SIM,30,1,3,2,7,0,2,26,0,2,40,40,2550,650,30
SIM,30,1,3,2,8,1,5,20,1,1,40,40,2050,1350,27
SIM,30,1,3,2,9,0,0,23,0,2,40,40,3050,850,30
SIM,30,1,3,2,10,1,14,23,0,2,40,40,2300,1350,27
SIM,30,1,3,2,11,0,0,26,0,3,40,40,3300,850,30
SIM,30,1,3,2,12,1,0,26,0,3,40,40,3300,1150,30
SIM,30,1,3,2,13,0,0,29,0,4,27,40,4300,650,30
SIM,30,1,3,2,14,1,14,29,0,4,27,40,3550,750,27
SIM,30,1,3,2,15,0,8,32,0,5,18,40,4550,250,30
SIM,30,1,3,2,16,1,8,32,0,5,18,40,4550,150,30
SIM,30,1,3,2,17,0,0,35,0,6,9,40,5550,0,30
SIM,30,1,3,2,18,1,14,35,0,6,9,40,4800,0,27
