SIM,1,0,0,0,1,0,0,0,0,0,40,40,1000,0,20
SIM,1,0,0,0,2,1,14,0,0,0,40,40,250,1000,17
SIM,1,0,0,0,3,0,14,14,0,0,40,40,1250,250,30
SIM,1,0,0,0,4,1,14,14,0,0,40,40,1250,1250,30
SIM,1,0,0,0,5,0,14,14,0,0,40,40,2150,1250,30
SIM,1,0,0,0,6,1,17,8,1,0,40,40,1650,2150,27
SIM,1,0,0,0,7,0,14,18,0,1,40,40,2550,1450,30
SIM,1,0,0,0,8,1,17,18,1,1,40,40,2050,2050,29
SIM,1,0,0,0,9,0,9,21,0,2,40,40,2950,1550,30
SIM,1,0,0,0,10,1,19,18,1,1,40,40,2250,2150,21
SIM,1,0,0,0,11,0,10,21,1,2,40,40,2950,1650,30
SIM,1,0,0,0,12,1,24,18,1,1,40,40,2200,2250,22
SIM,1,0,0,0,13,0,14,21,0,2,40,40,3200,1750,30
SIM,1,0,0,0,14,1,14,21,0,2,40,40,3200,2150,30
SIM,1,0,0,0,15,0,14,24,0,3,29,40,4100,1650,30
SIM,1,0,0,0,16,1,24,21,1,2,29,40,3400,2050,24
SIM,1,0,0,0,17,0,14,24,0,3,26,40,4300,1550,30
SIM,1,0,0,0,18,1,24,21,1,2,26,40,3600,1950,24
SIM,1,0,0,0,19,0,14,24,0,3,23,40,4500,1450,30
SIM,1,0,0,0,20,1,24,21,1,2,23,40,3800,1850,24
SIM,1,0,0,0,21,0,14,24,0,3,20,40,4700,1350,30
SIM,1,0,0,0,22,1,24,21,1,2,20,40,4000,1750,24
SIM,1,0,0,0,23,0,14,24,0,3,17,40,4900,1250,30
SIM,1,0,0,0,24,1,24,21,1,2,17,40,4200,1650,24
SIM,1,0,0,0,25,0,14,24,0,3,14,40,5100,1150,30
SIM,1,0,0,0,26,1,24,21,1,2,14,40,4400,1550,24
SIM,1,0,0,0,27,0,14,24,0,3,11,40,5300,1050,30
SIM,1,0,0,0,28,1,24,21,1,2,11,40,4600,1450,24
SIM,1,0,0,0,29,0,14,24,0,3,8,40,5500,950,30
SIM,1,0,0,0,30,1,24,21,1,2,8,40,4800,1350,24
SIM,1,0,0,0,31,0,14,24,0,3,5,40,5700,850,30
SIM,1,0,0,0,32,1,24,21,1,2,5,40,5000,1250,24
SIM,2,0,0,1,1,1,6,6,1,1,40,40,0,1000,0
SIM,2,0,0,1,2,0,3,20,1,1,40,40,800,250,20
SIM,2,0,0,1,3,1,17,17,1,1,40,40,50,1050,15
SIM,2,0,0,1,4,0,14,17,0,1,40,40,1050,1050,30
SIM,2,0,0,1,5,1,14,17,0,1,40,40,1050,1750,30
SIM,2,0,0,1,6,0,14,20,0,2,36,40,1950,1250,30
SIM,2,0,0,1,7,1,24,17,1,1,36,40,1250,1950,9
SIM,2,0,0,1,8,0,21,20,1,2,36,40,1850,1450,29
SIM,2,0,0,1,9,1,24,14,2,0,36,40,1350,2350,6
SIM,2,0,0,1,10,0,21,24,1,1,36,40,1950,1650,26
SIM,2,0,0,1,11,1,24,19,2,1,36,40,1450,2250,17
SIM,2,0,0,1,12,0,17,22,1,2,36,40,2150,1750,30
SIM,2,0,0,1,13,1,20,14,2,0,36,40,1650,2650,1
SIM,2,0,0,1,14,0,17,24,1,1,36,40,2350,1950,21
SIM,2,0,0,1,15,1,20,14,2,0,36,40,1850,2850,2
SIM,2,0,0,1,16,0,17,24,1,1,36,40,2550,2150,22
SIM,2,0,0,1,17,1,20,14,2,0,36,40,2050,3050,3
SIM,2,0,0,1,18,0,17,24,1,1,36,40,2750,2350,23
SIM,2,0,0,1,19,1,20,14,2,0,36,40,2250,3250,4
SIM,2,0,0,1,20,0,17,24,1,1,36,40,2950,2550,24
SIM,2,0,0,1,21,1,20,14,2,0,36,40,2450,3450,5
SIM,2,0,0,1,22,0,17,24,1,1,36,40,3150,2750,25
SIM,2,0,0,1,23,1,20,14,2,0,36,40,2650,3650,6
SIM,2,0,0,1,24,0,17,24,1,1,36,40,3350,2950,26
SIM,2,0,0,1,25,1,20,14,2,0,36,40,2850,3850,7
SIM,2,0,0,1,26,0,17,24,1,1,36,40,3550,3150,27
SIM,2,0,0,1,27,1,20,14,2,0,36,40,3050,4050,8
SIM,2,0,0,1,28,0,17,24,1,1,36,40,3750,3350,28
SIM,2,0,0,1,29,1,20,14,2,0,36,40,3250,4250,9
SIM,2,0,0,1,30,0,17,24,1,1,36,40,3950,3550,29
SIM,2,0,0,1,31,1,20,14,2,0,36,40,3450,4450,10
SIM,2,0,0,1,32,0,17,24,1,1,36,40,4150,3750,30
SIM,2,0,0,1,33,1,20,14,2,0,36,40,3650,4650,11
SIM,2,0,0,1,34,0,17,24,1,1,36,40,4350,3950,30
SIM,2,0,0,1,35,1,20,14,2,0,36,40,3850,4850,11
SIM,2,0,0,1,36,0,17,24,1,1,36,40,4550,4150,30
SIM,2,0,0,1,37,1,20,14,2,0,36,40,4050,5050,11
SIM,2,0,0,1,38,0,17,24,1,1,36,40,4750,4350,30
SIM,2,0,0,1,39,1,20,14,2,0,36,40,4250,5250,11
SIM,2,0,0,1,40,0,17,24,1,1,36,40,4950,4550,30
SIM,2,0,0,1,41,1,20,14,2,0,36,40,4450,5450,11
SIM,2,0,0,1,42,0,17,24,1,1,36,40,5150,4750,30
SIM,2,0,0,1,43,1,20,14,2,0,36,40,4650,5650,11
SIM,2,0,0,1,44,0,17,24,1,1,36,40,5350,4950,30
SIM,2,0,0,1,45,1,20,14,2,0,36,40,4850,5850,11
SIM,2,0,0,1,46,0,17,24,1,1,36,40,5550,5150,30
SIM,2,0,0,1,47,1,20,14,2,0,36,40,5050,6050,11
SIM,2,0,0,1,48,0,17,24,1,1,36,40,5750,5350,30
SIM,2,0,0,1,49,1,20,14,2,0,36,40,5250,6250,11
SIM,2,0,0,1,50,0,17,24,1,1,36,40,5950,5550,30
SIM,2,0,0,1,51,1,20,14,2,0,36,40,5450,6450,11
SIM,2,0,0,1,52,0,17,24,1,1,36,40,6150,5750,30
SIM,2,0,0,1,53,1,20,14,2,0,36,40,5650,6650,11
SIM,2,0,0,1,54,0,17,24,1,1,36,40,6350,5950,30
SIM,2,0,0,1,55,1,20,14,2,0,36,40,5850,6850,11
SIM,2,0,0,1,56,0,17,24,1,1,36,40,6550,6150,30
SIM,2,0,0,1,57,1,20,14,2,0,36,40,6050,7050,11
SIM,2,0,0,1,58,0,17,24,1,1,36,40,6750,6350,30
SIM,2,0,0,1,59,1,20,14,2,0,36,40,6250,7250,11
SIM,2,0,0,1,60,0,17,24,1,1,36,40,6950,6550,30
SIM,2,0,0,1,61,1,20,14,2,0,36,40,6450,7450,11
SIM,2,0,0,1,62,0,17,24,1,1,36,40,7150,6750,30
SIM,2,0,0,1,63,1,20,14,2,0,36,40,6650,7650,11
SIM,2,0,0,1,64,0,17,24,1,1,36,40,7350,6950,30
SIM,2,0,0,1,65,1,20,14,2,0,36,40,6850,7850,11
SIM,2,0,0,1,66,0,17,24,1,1,36,40,7550,7150,30
SIM,2,0,0,1,67,1,20,14,2,0,36,40,7050,8050,11
SIM,2,0,0,1,68,0,17,24,1,1,36,40,7750,7350,30
SIM,2,0,0,1,69,1,20,14,2,0,36,40,7250,8250,11
SIM,2,0,0,1,70,0,17,24,1,1,36,40,7950,7550,30
SIM,2,0,0,1,71,1,20,14,2,0,36,40,7450,8450,11
SIM,2,0,0,1,72,0,17,24,1,1,36,40,8150,7750,30
SIM,2,0,0,1,73,1,20,14,2,0,36,40,7650,8650,11
SIM,2,0,0,1,74,0,17,24,1,1,36,40,8350,7950,30
SIM,2,0,0,1,75,1,20,14,2,0,36,40,7850,8850,11
SIM,2,0,0,1,76,0,17,24,1,1,36,40,8550,8150,30
SIM,2,0,0,1,77,1,20,14,2,0,36,40,8050,9050,11
SIM,2,0,0,1,78,0,17,24,1,1,36,40,8750,8350,30
SIM,2,0,0,1,79,1,20,14,2,0,36,40,8250,9250,11
SIM,2,0,0,1,80,0,17,24,1,1,36,40,8950,8550,30
SIM,2,0,0,1,81,1,20,14,2,0,36,40,8450,9450,11
SIM,2,0,0,1,82,0,17,24,1,1,36,40,9150,8750,30
SIM,2,0,0,1,83,1,20,14,2,0,36,40,8650,9650,11
SIM,2,0,0,1,84,0,17,24,1,1,36,40,9350,8950,30
SIM,2,0,0,1,85,1,20,14,2,0,36,40,8850,9850,11
SIM,2,0,0,1,86,0,17,24,1,1,36,40,9550,9150,30
SIM,2,0,0,1,87,1,20,14,2,0,36,40,9050,10050,11
SIM,2,0,0,1,88,0,17,24,1,1,36,40,9750,9350,30
SIM,2,0,0,1,89,1,20,14,2,0,36,40,9250,10250,11
SIM,2,0,0,1,90,0,17,24,1,1,36,40,9950,9550,30
SIM,2,0,0,1,91,1,20,14,2,0,36,40,9450,10450,11
SIM,2,0,0,1,92,0,17,24,1,1,36,40,10150,9750,30
SIM,2,0,0,1,93,1,20,14,2,0,36,40,9650,10650,11
SIM,2,0,0,1,94,0,17,24,1,1,36,40,10350,9950,30
SIM,2,0,0,1,95,1,20,14,2,0,36,40,9850,10850,11
SIM,2,0,0,1,96,0,17,24,1,1,36,40,10550,10150,30
SIM,2,0,0,1,97,1,20,14,2,0,36,40,10050,11050,11
SIM,2,0,0,1,98,0,17,24,1,1,36,40,10750,10350,30
SIM,2,0,0,1,99,1,20,14,2,0,36,40,10250,11250,11
SIM,2,0,0,1,100,0,17,24,1,1,36,40,10950,10550,30
SIM,2,0,0,1,101,1,20,14,2,0,36,40,10450,11450,11
SIM,2,0,0,1,102,0,17,24,1,1,36,40,11150,10750,30
SIM,2,0,0,1,103,1,20,14,2,0,36,40,10650,11650,11
SIM,2,0,0,1,104,0,17,24,1,1,36,40,11350,10950,30
SIM,2,0,0,1,105,1,20,14,2,0,36,40,10850,11850,11
SIM,2,0,0,1,106,0,17,24,1,1,36,40,11550,11150,30
SIM,2,0,0,1,107,1,20,14,2,0,36,40,11050,12050,11
SIM,2,0,0,1,108,0,17,24,1,1,36,40,11750,11350,30
SIM,2,0,0,1,109,1,20,14,2,0,36,40,11250,12250,11
SIM,2,0,0,1,110,0,17,24,1,1,36,40,11950,11550,30
SIM,2,0,0,1,111,1,20,14,2,0,36,40,11450,12450,11
SIM,2,0,0,1,112,0,17,24,1,1,36,40,12150,11750,30
SIM,2,0,0,1,113,1,20,14,2,0,36,40,11650,12650,11
SIM,2,0,0,1,114,0,17,24,1,1,36,40,12350,11950,30
SIM,2,0,0,1,115,1,20,14,2,0,36,40,11850,12850,11
SIM,2,0,0,1,116,0,17,24,1,1,36,40,12550,12150,30
SIM,2,0,0,1,117,1,20,14,2,0,36,40,12050,13050,11
SIM,2,0,0,1,118,0,17,24,1,1,36,40,12750,12350,30
SIM,2,0,0,1,119,1,20,14,2,0,36,40,12250,13250,11
SIM,2,0,0,1,120,0,17,24,1,1,36,40,12950,12550,30
SIM,3,0,0,2,1,0,6,6,1,1,40,40,1000,0,20
SIM,3,0,0,2,2,1,20,3,1,1,40,40,250,800,13
SIM,3,0,0,2,3,0,17,17,1,1,40,40,1050,50,30
SIM,3,0,0,2,4,1,17,14,1,0,40,40,1050,1050,28
SIM,3,0,0,2,5,0,17,14,1,0,40,40,1750,1050,30
SIM,3,0,0,2,6,1,20,14,2,0,40,36,1250,1950,21
SIM,3,0,0,2,7,0,17,24,1,1,40,36,1950,1250,30
SIM,3,0,0,2,8,1,20,21,2,1,40,36,1450,1850,21
SIM,3,0,0,2,9,0,14,24,0,2,40,36,2350,1350,30
SIM,3,0,0,2,10,1,24,21,1,1,40,36,1650,1950,24
SIM,3,0,0,2,11,0,19,24,1,2,40,36,2250,1450,30
SIM,3,0,0,2,12,1,22,17,2,1,40,36,1750,2150,7
SIM,3,0,0,2,13,0,14,20,0,2,40,36,2650,1650,27
SIM,3,0,0,2,14,1,24,17,1,1,40,36,1950,2350,18
SIM,3,0,0,2,15,0,14,20,0,2,40,36,2850,1850,30
SIM,3,0,0,2,16,1,24,17,1,1,40,36,2150,2550,21
SIM,3,0,0,2,17,0,14,20,0,2,40,36,3050,2050,30
SIM,3,0,0,2,18,1,24,17,1,1,40,36,2350,2750,21
SIM,3,0,0,2,19,0,14,20,0,2,40,36,3250,2250,30
SIM,3,0,0,2,20,1,24,17,1,1,40,36,2550,2950,21
SIM,3,0,0,2,21,0,14,20,0,2,40,36,3450,2450,30
SIM,3,0,0,2,22,1,24,17,1,1,40,36,2750,3150,21
SIM,3,0,0,2,23,0,14,20,0,2,40,36,3650,2650,30
SIM,3,0,0,2,24,1,24,17,1,1,40,36,2950,3350,21
SIM,3,0,0,2,25,0,14,20,0,2,40,36,3850,2850,30
SIM,3,0,0,2,26,1,24,17,1,1,40,36,3150,3550,21
SIM,3,0,0,2,27,0,14,20,0,2,40,36,4050,3050,30
SIM,3,0,0,2,28,1,24,17,1,1,40,36,3350,3750,21
SIM,3,0,0,2,29,0,14,20,0,2,40,36,4250,3250,30
SIM,3,0,0,2,30,1,24,17,1,1,40,36,3550,3950,21
SIM,3,0,0,2,31,0,14,20,0,2,40,36,4450,3450,30
SIM,3,0,0,2,32,1,24,17,1,1,40,36,3750,4150,21
SIM,3,0,0,2,33,0,14,20,0,2,40,36,4650,3650,30
SIM,3,0,0,2,34,1,24,17,1,1,40,36,3950,4350,21
SIM,3,0,0,2,35,0,14,20,0,2,40,36,4850,3850,30
SIM,3,0,0,2,36,1,24,17,1,1,40,36,4150,4550,21
SIM,3,0,0,2,37,0,14,20,0,2,40,36,5050,4050,30
SIM,3,0,0,2,38,1,24,17,1,1,40,36,4350,4750,21
SIM,3,0,0,2,39,0,14,20,0,2,40,36,5250,4250,30
SIM,3,0,0,2,40,1,24,17,1,1,40,36,4550,4950,21
SIM,3,0,0,2,41,0,14,20,0,2,40,36,5450,4450,30
SIM,3,0,0,2,42,1,24,17,1,1,40,36,4750,5150,21
SIM,3,0,0,2,43,0,14,20,0,2,40,36,5650,4650,30
SIM,3,0,0,2,44,1,24,17,1,1,40,36,4950,5350,21
SIM,3,0,0,2,45,0,14,20,0,2,40,36,5850,4850,30
SIM,3,0,0,2,46,1,24,17,1,1,40,36,5150,5550,21
SIM,3,0,0,2,47,0,14,20,0,2,40,36,6050,5050,30
SIM,3,0,0,2,48,1,24,17,1,1,40,36,5350,5750,21
SIM,3,0,0,2,49,0,14,20,0,2,40,36,6250,5250,30
SIM,3,0,0,2,50,1,24,17,1,1,40,36,5550,5950,21
SIM,3,0,0,2,51,0,14,20,0,2,40,36,6450,5450,30
SIM,3,0,0,2,52,1,24,17,1,1,40,36,5750,6150,21
SIM,3,0,0,2,53,0,14,20,0,2,40,36,6650,5650,30
SIM,3,0,0,2,54,1,24,17,1,1,40,36,5950,6350,21
SIM,3,0,0,2,55,0,14,20,0,2,40,36,6850,5850,30
SIM,3,0,0,2,56,1,24,17,1,1,40,36,6150,6550,21
SIM,3,0,0,2,57,0,14,20,0,2,40,36,7050,6050,30
SIM,3,0,0,2,58,1,24,17,1,1,40,36,6350,6750,21
SIM,3,0,0,2,59,0,14,20,0,2,40,36,7250,6250,30
SIM,3,0,0,2,60,1,24,17,1,1,40,36,6550,6950,21
SIM,3,0,0,2,61,0,14,20,0,2,40,36,7450,6450,30
SIM,3,0,0,2,62,1,24,17,1,1,40,36,6750,7150,21
SIM,3,0,0,2,63,0,14,20,0,2,40,36,7650,6650,30
SIM,3,0,0,2,64,1,24,17,1,1,40,36,6950,7350,21
SIM,3,0,0,2,65,0,14,20,0,2,40,36,7850,6850,30
SIM,3,0,0,2,66,1,24,17,1,1,40,36,7150,7550,21
SIM,3,0,0,2,67,0,14,20,0,2,40,36,8050,7050,30
SIM,3,0,0,2,68,1,24,17,1,1,40,36,7350,7750,21
SIM,3,0,0,2,69,0,14,20,0,2,40,36,8250,7250,30
SIM,3,0,0,2,70,1,24,17,1,1,40,36,7550,7950,21
SIM,3,0,0,2,71,0,14,20,0,2,40,36,8450,7450,30
SIM,3,0,0,2,72,1,24,17,1,1,40,36,7750,8150,21
SIM,3,0,0,2,73,0,14,20,0,2,40,36,8650,7650,30
SIM,3,0,0,2,74,1,24,17,1,1,40,36,7950,8350,21
SIM,3,0,0,2,75,0,14,20,0,2,40,36,8850,7850,30
SIM,3,0,0,2,76,1,24,17,1,1,40,36,8150,8550,21
SIM,3,0,0,2,77,0,14,20,0,2,40,36,9050,8050,30
SIM,3,0,0,2,78,1,24,17,1,1,40,36,8350,8750,21
SIM,3,0,0,2,79,0,14,20,0,2,40,36,9250,8250,30
SIM,3,0,0,2,80,1,24,17,1,1,40,36,8550,8950,21
SIM,3,0,0,2,81,0,14,20,0,2,40,36,9450,8450,30
SIM,3,0,0,2,82,1,24,17,1,1,40,36,8750,9150,21
SIM,3,0,0,2,83,0,14,20,0,2,40,36,9650,8650,30
SIM,3,0,0,2,84,1,24,17,1,1,40,36,8950,9350,21
SIM,3,0,0,2,85,0,14,20,0,2,40,36,9850,8850,30
SIM,3,0,0,2,86,1,24,17,1,1,40,36,9150,9550,21
SIM,3,0,0,2,87,0,14,20,0,2,40,36,10050,9050,30
SIM,3,0,0,2,88,1,24,17,1,1,40,36,9350,9750,21
SIM,3,0,0,2,89,0,14,20,0,2,40,36,10250,9250,30
SIM,3,0,0,2,90,1,24,17,1,1,40,36,9550,9950,21
SIM,3,0,0,2,91,0,14,20,0,2,40,36,10450,9450,30
SIM,3,0,0,2,92,1,24,17,1,1,40,36,9750,10150,21
SIM,3,0,0,2,93,0,14,20,0,2,40,36,10650,9650,30
SIM,3,0,0,2,94,1,24,17,1,1,40,36,9950,10350,21
SIM,3,0,0,2,95,0,14,20,0,2,40,36,10850,9850,30
SIM,3,0,0,2,96,1,24,17,1,1,40,36,10150,10550,21
SIM,3,0,0,2,97,0,14,20,0,2,40,36,11050,10050,30
SIM,3,0,0,2,98,1,24,17,1,1,40,36,10350,10750,21
SIM,3,0,0,2,99,0,14,20,0,2,40,36,11250,10250,30
SIM,3,0,0,2,100,1,24,17,1,1,40,36,10550,10950,21
SIM,3,0,0,2,101,0,14,20,0,2,40,36,11450,10450,30
SIM,3,0,0,2,102,1,24,17,1,1,40,36,10750,11150,21
SIM,3,0,0,2,103,0,14,20,0,2,40,36,11650,10650,30
SIM,3,0,0,2,104,1,24,17,1,1,40,36,10950,11350,21
SIM,3,0,0,2,105,0,14,20,0,2,40,36,11850,10850,30
SIM,3,0,0,2,106,1,24,17,1,1,40,36,11150,11550,21
SIM,3,0,0,2,107,0,14,20,0,2,40,36,12050,11050,30
SIM,3,0,0,2,108,1,24,17,1,1,40,36,11350,11750,21
SIM,3,0,0,2,109,0,14,20,0,2,40,36,12250,11250,30
SIM,3,0,0,2,110,1,24,17,1,1,40,36,11550,11950,21
SIM,3,0,0,2,111,0,14,20,0,2,40,36,12450,11450,30
SIM,3,0,0,2,112,1,24,17,1,1,40,36,11750,12150,21
SIM,3,0,0,2,113,0,14,20,0,2,40,36,12650,11650,30
SIM,3,0,0,2,114,1,24,17,1,1,40,36,11950,12350,21
SIM,3,0,0,2,115,0,14,20,0,2,40,36,12850,11850,30
SIM,3,0,0,2,116,1,24,17,1,1,40,36,12150,12550,21
SIM,3,0,0,2,117,0,14,20,0,2,40,36,13050,12050,30
SIM,3,0,0,2,118,1,24,17,1,1,40,36,12350,12750,21
SIM,3,0,0,2,119,0,14,20,0,2,40,36,13250,12250,30
SIM,3,0,0,2,120,1,24,17,1,1,40,36,12550,12950,21
SIM,4,0,0,3,1,1,6,6,1,1,40,40,0,1000,0
SIM,4,0,0,3,2,0,3,20,1,1,40,40,800,250,20
SIM,4,0,0,3,3,1,17,17,1,1,40,40,50,1050,15
SIM,4,0,0,3,4,0,14,17,0,1,40,40,1050,1050,30
SIM,4,0,0,3,5,1,14,17,0,1,40,40,1050,1750,30
SIM,4,0,0,3,6,0,14,20,0,2,39,40,1950,1250,30
SIM,4,0,0,3,7,1,17,17,1,1,39,40,1450,1950,17
SIM,4,0,0,3,8,0,14,20,0,2,39,40,2350,1450,30
SIM,4,0,0,3,9,1,17,17,1,1,39,40,1850,2150,13
SIM,4,0,0,3,10,0,14,20,0,2,39,40,2750,1650,30
SIM,4,0,0,3,11,1,17,17,1,1,39,40,2250,2350,13
SIM,4,0,0,3,12,0,14,20,0,2,39,40,3150,1850,30
SIM,4,0,0,3,13,1,17,17,1,1,39,40,2650,2550,13
SIM,4,0,0,3,14,0,14,20,0,2,39,40,3550,2050,30
SIM,4,0,0,3,15,1,17,17,1,1,39,40,3050,2750,13
SIM,4,0,0,3,16,0,14,20,0,2,39,40,3950,2250,30
SIM,4,0,0,3,17,1,17,17,1,1,39,40,3450,2950,13
SIM,4,0,0,3,18,0,14,20,0,2,39,40,4350,2450,30
SIM,4,0,0,3,19,1,17,17,1,1,39,40,3850,3150,13
SIM,4,0,0,3,20,0,14,20,0,2,39,40,4750,2650,30
SIM,4,0,0,3,21,1,17,17,1,1,39,40,4250,3350,13
SIM,4,0,0,3,22,0,14,20,0,2,39,40,5150,2850,30
SIM,4,0,0,3,23,1,17,17,1,1,39,40,4650,3550,13
SIM,4,0,0,3,24,0,14,20,0,2,39,40,5550,3050,30
SIM,4,0,0,3,25,1,17,17,1,1,39,40,5050,3750,13
SIM,4,0,0,3,26,0,14,20,0,2,39,40,5950,3250,30
SIM,4,0,0,3,27,1,17,17,1,1,39,40,5450,3950,13
SIM,4,0,0,3,28,0,14,20,0,2,39,40,6350,3450,30
SIM,4,0,0,3,29,1,17,17,1,1,39,40,5850,4150,13
SIM,4,0,0,3,30,0,14,20,0,2,39,40,6750,3650,30
SIM,4,0,0,3,31,1,17,17,1,1,39,40,6250,4350,13
SIM,4,0,0,3,32,0,14,20,0,2,39,40,7150,3850,30
SIM,4,0,0,3,33,1,17,17,1,1,39,40,6650,4550,13
SIM,4,0,0,3,34,0,14,20,0,2,39,40,7550,4050,30
SIM,4,0,0,3,35,1,17,17,1,1,39,40,7050,4750,13
SIM,4,0,0,3,36,0,14,20,0,2,39,40,7950,4250,30
SIM,4,0,0,3,37,1,17,17,1,1,39,40,7450,4950,13
SIM,4,0,0,3,38,0,14,20,0,2,39,40,8350,4450,30
SIM,4,0,0,3,39,1,17,17,1,1,39,40,7850,5150,13
SIM,4,0,0,3,40,0,14,20,0,2,39,40,8750,4650,30
SIM,4,0,0,3,41,1,17,17,1,1,39,40,8250,5350,13
SIM,4,0,0,3,42,0,14,20,0,2,39,40,9150,4850,30
SIM,4,0,0,3,43,1,17,17,1,1,39,40,8650,5550,13
SIM,4,0,0,3,44,0,14,20,0,2,39,40,9550,5050,30
SIM,4,0,0,3,45,1,17,17,1,1,39,40,9050,5750,13
SIM,4,0,0,3,46,0,14,20,0,2,39,40,9950,5250,30
SIM,4,0,0,3,47,1,17,17,1,1,39,40,9450,5950,13
SIM,4,0,0,3,48,0,14,20,0,2,39,40,10350,5450,30
SIM,4,0,0,3,49,1,17,17,1,1,39,40,9850,6150,13
SIM,4,0,0,3,50,0,14,20,0,2,39,40,10750,5650,30
SIM,4,0,0,3,51,1,17,17,1,1,39,40,10250,6350,13
SIM,4,0,0,3,52,0,14,20,0,2,39,40,11150,5850,30
SIM,4,0,0,3,53,1,17,17,1,1,39,40,10650,6550,13
SIM,4,0,0,3,54,0,14,20,0,2,39,40,11550,6050,30
SIM,4,0,0,3,55,1,17,17,1,1,39,40,11050,6750,13
SIM,4,0,0,3,56,0,14,20,0,2,39,40,11950,6250,30
SIM,4,0,0,3,57,1,17,17,1,1,39,40,11450,6950,13
SIM,4,0,0,3,58,0,14,20,0,2,39,40,12350,6450,30
SIM,4,0,0,3,59,1,17,17,1,1,39,40,11850,7150,13
SIM,4,0,0,3,60,0,14,20,0,2,39,40,12750,6650,30
SIM,4,0,0,3,61,1,17,17,1,1,39,40,12250,7350,13
SIM,4,0,0,3,62,0,14,20,0,2,39,40,13150,6850,30
SIM,4,0,0,3,63,1,17,17,1,1,39,40,12650,7550,13
SIM,4,0,0,3,64,0,14,20,0,2,39,40,13550,7050,30
SIM,4,0,0,3,65,1,17,17,1,1,39,40,13050,7750,13
SIM,4,0,0,3,66,0,14,20,0,2,39,40,13950,7250,30
SIM,4,0,0,3,67,1,17,17,1,1,39,40,13450,7950,13
SIM,4,0,0,3,68,0,14,20,0,2,39,40,14350,7450,30
SIM,4,0,0,3,69,1,17,17,1,1,39,40,13850,8150,13
SIM,4,0,0,3,70,0,14,20,0,2,39,40,14750,7650,30
SIM,4,0,0,3,71,1,17,17,1,1,39,40,14250,8350,13
SIM,4,0,0,3,72,0,14,20,0,2,39,40,15150,7850,30
SIM,4,0,0,3,73,1,17,17,1,1,39,40,14650,8550,13
SIM,4,0,0,3,74,0,14,20,0,2,39,40,15550,8050,30
SIM,4,0,0,3,75,1,17,17,1,1,39,40,15050,8750,13
SIM,4,0,0,3,76,0,14,20,0,2,39,40,15950,8250,30
SIM,4,0,0,3,77,1,17,17,1,1,39,40,15450,8950,13
SIM,4,0,0,3,78,0,14,20,0,2,39,40,16350,8450,30
SIM,4,0,0,3,79,1,17,17,1,1,39,40,15850,9150,13
SIM,4,0,0,3,80,0,14,20,0,2,39,40,16750,8650,30
SIM,4,0,0,3,81,1,17,17,1,1,39,40,16250,9350,13
SIM,4,0,0,3,82,0,14,20,0,2,39,40,17150,8850,30
SIM,4,0,0,3,83,1,17,17,1,1,39,40,16650,9550,13
SIM,4,0,0,3,84,0,14,20,0,2,39,40,17550,9050,30
SIM,4,0,0,3,85,1,17,17,1,1,39,40,17050,9750,13
SIM,4,0,0,3,86,0,14,20,0,2,39,40,17950,9250,30
SIM,4,0,0,3,87,1,17,17,1,1,39,40,17450,9950,13
SIM,4,0,0,3,88,0,14,20,0,2,39,40,18350,9450,30
SIM,4,0,0,3,89,1,17,17,1,1,39,40,17850,10150,13
SIM,4,0,0,3,90,0,14,20,0,2,39,40,18750,9650,30
SIM,4,0,0,3,91,1,17,17,1,1,39,40,18250,10350,13
SIM,4,0,0,3,92,0,14,20,0,2,39,40,19150,9850,30
SIM,4,0,0,3,93,1,17,17,1,1,39,40,18650,10550,13
SIM,4,0,0,3,94,0,14,20,0,2,39,40,19550,10050,30
SIM,4,0,0,3,95,1,17,17,1,1,39,40,19050,10750,13
SIM,4,0,0,3,96,0,14,20,0,2,39,40,19950,10250,30
SIM,4,0,0,3,97,1,17,17,1,1,39,40,19450,10950,13
SIM,4,0,0,3,98,0,14,20,0,2,39,40,20350,10450,30
SIM,4,0,0,3,99,1,17,17,1,1,39,40,19850,11150,13
SIM,4,0,0,3,100,0,14,20,0,2,39,40,20750,10650,30
SIM,4,0,0,3,101,1,17,17,1,1,39,40,20250,11350,13
SIM,4,0,0,3,102,0,14,20,0,2,39,40,21150,10850,30
SIM,4,0,0,3,103,1,17,17,1,1,39,40,20650,11550,13
SIM,4,0,0,3,104,0,14,20,0,2,39,40,21550,11050,30
SIM,4,0,0,3,105,1,17,17,1,1,39,40,21050,11750,13
SIM,4,0,0,3,106,0,14,20,0,2,39,40,21950,11250,30
SIM,4,0,0,3,107,1,17,17,1,1,39,40,21450,11950,13
SIM,4,0,0,3,108,0,14,20,0,2,39,40,22350,11450,30
SIM,4,0,0,3,109,1,17,17,1,1,39,40,21850,12150,13
SIM,4,0,0,3,110,0,14,20,0,2,39,40,22750,11650,30
SIM,4,0,0,3,111,1,17,17,1,1,39,40,22250,12350,13
SIM,4,0,0,3,112,0,14,20,0,2,39,40,23150,11850,30
SIM,4,0,0,3,113,1,17,17,1,1,39,40,22650,12550,13
SIM,4,0,0,3,114,0,14,20,0,2,39,40,23550,12050,30
SIM,4,0,0,3,115,1,17,17,1,1,39,40,23050,12750,13
SIM,4,0,0,3,116,0,14,20,0,2,39,40,23950,12250,30
SIM,4,0,0,3,117,1,17,17,1,1,39,40,23450,12950,13
SIM,4,0,0,3,118,0,14,20,0,2,39,40,24350,12450,30
SIM,4,0,0,3,119,1,17,17,1,1,39,40,23850,13150,13
SIM,4,0,0,3,120,0,14,20,0,2,39,40,24750,12650,30
SIM,5,0,0,4,1,0,6,6,1,1,40,40,1000,0,20
SIM,5,0,0,4,2,1,20,6,1,1,40,40,250,800,17
SIM,5,0,0,4,3,0,17,20,1,1,40,40,1050,50,30
SIM,5,0,0,4,4,1,17,17,1,1,40,40,1050,850,28
SIM,5,0,0,4,5,0,14,17,0,1,40,40,1950,850,30
SIM,5,0,0,4,6,1,17,14,1,0,40,40,1450,1750,9
SIM,5,0,0,4,7,0,14,17,0,1,40,40,2350,1250,29
SIM,5,0,0,4,8,1,24,14,1,0,40,40,1650,2150,23
SIM,5,0,0,4,9,0,18,17,1,1,40,40,2250,1650,30
SIM,5,0,0,4,10,1,21,14,2,0,40,36,1750,2550,16
SIM,5,0,0,4,11,0,18,24,1,1,40,36,2350,1850,30
SIM,5,0,0,4,12,1,21,14,2,0,40,36,1850,2750,12
SIM,5,0,0,4,13,0,18,24,1,1,40,36,2450,2050,30
SIM,5,0,0,4,14,1,21,14,2,0,40,36,1950,2950,15
SIM,5,0,0,4,15,0,18,24,1,1,40,36,2550,2250,30
SIM,5,0,0,4,16,1,21,14,2,0,40,36,2050,3150,15
SIM,5,0,0,4,17,0,18,24,1,1,40,36,2650,2450,30
SIM,5,0,0,4,18,1,21,14,2,0,40,36,2150,3350,15
SIM,5,0,0,4,19,0,18,24,1,1,40,36,2750,2650,30
SIM,5,0,0,4,20,1,21,14,2,0,40,36,2250,3550,15
SIM,5,0,0,4,21,0,18,24,1,1,40,36,2850,2850,30
SIM,5,0,0,4,22,1,21,14,2,0,40,36,2350,3750,15
SIM,5,0,0,4,23,0,18,24,1,1,40,36,2950,3050,30
SIM,5,0,0,4,24,1,21,14,2,0,40,36,2450,3950,15
SIM,5,0,0,4,25,0,18,24,1,1,40,36,3050,3250,30
SIM,5,0,0,4,26,1,21,14,2,0,40,36,2550,4150,15
SIM,5,0,0,4,27,0,18,24,1,1,40,36,3150,3450,30
SIM,5,0,0,4,28,1,21,14,2,0,40,36,2650,4350,15
SIM,5,0,0,4,29,0,18,24,1,1,40,36,3250,3650,30
SIM,5,0,0,4,30,1,21,14,2,0,40,36,2750,4550,15
SIM,5,0,0,4,31,0,18,24,1,1,40,36,3350,3850,30
SIM,5,0,0,4,32,1,21,14,2,0,40,36,2850,4750,15
SIM,5,0,0,4,33,0,18,24,1,1,40,36,3450,4050,30
SIM,5,0,0,4,34,1,21,14,2,0,40,36,2950,4950,15
SIM,5,0,0,4,35,0,18,24,1,1,40,36,3550,4250,30
SIM,5,0,0,4,36,1,21,14,2,0,40,36,3050,5150,15
SIM,5,0,0,4,37,0,18,24,1,1,40,36,3650,4450,30
SIM,5,0,0,4,38,1,21,14,2,0,40,36,3150,5350,15
SIM,5,0,0,4,39,0,18,24,1,1,40,36,3750,4650,30
SIM,5,0,0,4,40,1,21,14,2,0,40,36,3250,5550,15
SIM,5,0,0,4,41,0,18,24,1,1,40,36,3850,4850,30
SIM,5,0,0,4,42,1,21,14,2,0,40,36,3350,5750,15
SIM,5,0,0,4,43,0,18,24,1,1,40,36,3950,5050,30
SIM,5,0,0,4,44,1,21,14,2,0,40,36,3450,5950,15
SIM,5,0,0,4,45,0,18,24,1,1,40,36,4050,5250,30
SIM,5,0,0,4,46,1,21,14,2,0,40,36,3550,6150,15
SIM,5,0,0,4,47,0,18,24,1,1,40,36,4150,5450,30
SIM,5,0,0,4,48,1,21,14,2,0,40,36,3650,6350,15
SIM,5,0,0,4,49,0,18,24,1,1,40,36,4250,5650,30
SIM,5,0,0,4,50,1,21,14,2,0,40,36,3750,6550,15
SIM,5,0,0,4,51,0,18,24,1,1,40,36,4350,5850,30
SIM,5,0,0,4,52,1,21,14,2,0,40,36,3850,6750,15
SIM,5,0,0,4,53,0,18,24,1,1,40,36,4450,6050,30
SIM,5,0,0,4,54,1,21,14,2,0,40,36,3950,6950,15
SIM,5,0,0,4,55,0,18,24,1,1,40,36,4550,6250,30
SIM,5,0,0,4,56,1,21,14,2,0,40,36,4050,7150,15
SIM,5,0,0,4,57,0,18,24,1,1,40,36,4650,6450,30
SIM,5,0,0,4,58,1,21,14,2,0,40,36,4150,7350,15
SIM,5,0,0,4,59,0,18,24,1,1,40,36,4750,6650,30
SIM,5,0,0,4,60,1,21,14,2,0,40,36,4250,7550,15
SIM,5,0,0,4,61,0,18,24,1,1,40,36,4850,6850,30
SIM,5,0,0,4,62,1,21,14,2,0,40,36,4350,7750,15
SIM,5,0,0,4,63,0,18,24,1,1,40,36,4950,7050,30
SIM,5,0,0,4,64,1,21,14,2,0,40,36,4450,7950,15
SIM,5,0,0,4,65,0,18,24,1,1,40,36,5050,7250,30
SIM,5,0,0,4,66,1,21,14,2,0,40,36,4550,8150,15
SIM,5,0,0,4,67,0,18,24,1,1,40,36,5150,7450,30
SIM,5,0,0,4,68,1,21,14,2,0,40,36,4650,8350,15
SIM,5,0,0,4,69,0,18,24,1,1,40,36,5250,7650,30
SIM,5,0,0,4,70,1,21,14,2,0,40,36,4750,8550,15
SIM,5,0,0,4,71,0,18,24,1,1,40,36,5350,7850,30
SIM,5,0,0,4,72,1,21,14,2,0,40,36,4850,8750,15
SIM,5,0,0,4,73,0,18,24,1,1,40,36,5450,8050,30
SIM,5,0,0,4,74,1,21,14,2,0,40,36,4950,8950,15
SIM,5,0,0,4,75,0,18,24,1,1,40,36,5550,8250,30
SIM,5,0,0,4,76,1,21,14,2,0,40,36,5050,9150,15
SIM,5,0,0,4,77,0,18,24,1,1,40,36,5650,8450,30
SIM,5,0,0,4,78,1,21,14,2,0,40,36,5150,9350,15
SIM,5,0,0,4,79,0,18,24,1,1,40,36,5750,8650,30
SIM,5,0,0,4,80,1,21,14,2,0,40,36,5250,9550,15
SIM,5,0,0,4,81,0,18,24,1,1,40,36,5850,8850,30
SIM,5,0,0,4,82,1,21,14,2,0,40,36,5350,9750,15
SIM,5,0,0,4,83,0,18,24,1,1,40,36,5950,9050,30
SIM,5,0,0,4,84,1,21,14,2,0,40,36,5450,9950,15
SIM,5,0,0,4,85,0,18,24,1,1,40,36,6050,9250,30
SIM,5,0,0,4,86,1,21,14,2,0,40,36,5550,10150,15
SIM,5,0,0,4,87,0,18,24,1,1,40,36,6150,9450,30
SIM,5,0,0,4,88,1,21,14,2,0,40,36,5650,10350,15
SIM,5,0,0,4,89,0,18,24,1,1,40,36,6250,9650,30
SIM,5,0,0,4,90,1,21,14,2,0,40,36,5750,10550,15
SIM,5,0,0,4,91,0,18,24,1,1,40,36,6350,9850,30
SIM,5,0,0,4,92,1,21,14,2,0,40,36,5850,10750,15
SIM,5,0,0,4,93,0,18,24,1,1,40,36,6450,10050,30
SIM,5,0,0,4,94,1,21,14,2,0,40,36,5950,10950,15
SIM,5,0,0,4,95,0,18,24,1,1,40,36,6550,10250,30
SIM,5,0,0,4,96,1,21,14,2,0,40,36,6050,11150,15
SIM,5,0,0,4,97,0,18,24,1,1,40,36,6650,10450,30
SIM,5,0,0,4,98,1,21,14,2,0,40,36,6150,11350,15
SIM,5,0,0,4,99,0,18,24,1,1,40,36,6750,10650,30
SIM,5,0,0,4,100,1,21,14,2,0,40,36,6250,11550,15
SIM,5,0,0,4,101,0,18,24,1,1,40,36,6850,10850,30
SIM,5,0,0,4,102,1,21,14,2,0,40,36,6350,11750,15
SIM,5,0,0,4,103,0,18,24,1,1,40,36,6950,11050,30
SIM,5,0,0,4,104,1,21,14,2,0,40,36,6450,11950,15
SIM,5,0,0,4,105,0,18,24,1,1,40,36,7050,11250,30
SIM,5,0,0,4,106,1,21,14,2,0,40,36,6550,12150,15
SIM,5,0,0,4,107,0,18,24,1,1,40,36,7150,11450,30
SIM,5,0,0,4,108,1,21,14,2,0,40,36,6650,12350,15
SIM,5,0,0,4,109,0,18,24,1,1,40,36,7250,11650,30
SIM,5,0,0,4,110,1,21,14,2,0,40,36,6750,12550,15
SIM,5,0,0,4,111,0,18,24,1,1,40,36,7350,11850,30
SIM,5,0,0,4,112,1,21,14,2,0,40,36,6850,12750,15
SIM,5,0,0,4,113,0,18,24,1,1,40,36,7450,12050,30
SIM,5,0,0,4,114,1,21,14,2,0,40,36,6950,12950,15
SIM,5,0,0,4,115,0,18,24,1,1,40,36,7550,12250,30
SIM,5,0,0,4,116,1,21,14,2,0,40,36,7050,13150,15
SIM,5,0,0,4,117,0,18,24,1,1,40,36,7650,12450,30
SIM,5,0,0,4,118,1,21,14,2,0,40,36,7150,13350,15
SIM,5,0,0,4,119,0,18,24,1,1,40,36,7750,12650,30
SIM,5,0,0,4,120,1,21,14,2,0,40,36,7250,13550,15
SIM,6,0,0,5,1,1,6,6,1,1,40,40,0,1000,0
SIM,6,0,0,5,2,0,3,20,1,1,40,40,800,250,20
SIM,6,0,0,5,3,1,17,17,1,1,40,40,50,1050,15
SIM,6,0,0,5,4,0,14,17,0,1,40,40,1050,1050,30
SIM,6,0,0,5,5,1,14,17,0,1,40,40,1050,1750,30
SIM,6,0,0,5,6,0,14,20,0,2,39,40,1950,1250,30
SIM,6,0,0,5,7,1,17,17,1,1,39,40,1450,1950,17
SIM,6,0,0,5,8,0,14,20,0,2,39,40,2350,1450,30
SIM,6,0,0,5,9,1,17,17,1,1,39,40,1850,2150,13
SIM,6,0,0,5,10,0,14,20,0,2,39,40,2750,1650,30
SIM,6,0,0,5,11,1,17,17,1,1,39,40,2250,2350,13
SIM,6,0,0,5,12,0,14,20,0,2,39,40,3150,1850,30
SIM,6,0,0,5,13,1,17,17,1,1,39,40,2650,2550,13
SIM,6,0,0,5,14,0,14,20,0,2,39,40,3550,2050,30
SIM,6,0,0,5,15,1,17,17,1,1,39,40,3050,2750,13
SIM,6,0,0,5,16,0,14,20,0,2,39,40,3950,2250,30
SIM,6,0,0,5,17,1,17,17,1,1,39,40,3450,2950,13
SIM,6,0,0,5,18,0,14,20,0,2,39,40,4350,2450,30
SIM,6,0,0,5,19,1,17,17,1,1,39,40,3850,3150,13
SIM,6,0,0,5,20,0,14,20,0,2,39,40,4750,2650,30
SIM,6,0,0,5,21,1,17,17,1,1,39,40,4250,3350,13
SIM,6,0,0,5,22,0,14,20,0,2,39,40,5150,2850,30
SIM,6,0,0,5,23,1,17,17,1,1,39,40,4650,3550,13
SIM,6,0,0,5,24,0,14,20,0,2,39,40,5550,3050,30
SIM,6,0,0,5,25,1,17,17,1,1,39,40,5050,3750,13
SIM,6,0,0,5,26,0,14,20,0,2,39,40,5950,3250,30
SIM,6,0,0,5,27,1,17,17,1,1,39,40,5450,3950,13
SIM,6,0,0,5,28,0,14,20,0,2,39,40,6350,3450,30
SIM,6,0,0,5,29,1,17,17,1,1,39,40,5850,4150,13
SIM,6,0,0,5,30,0,14,20,0,2,39,40,6750,3650,30
SIM,6,0,0,5,31,1,17,17,1,1,39,40,6250,4350,13
SIM,6,0,0,5,32,0,14,20,0,2,39,40,7150,3850,30
SIM,6,0,0,5,33,1,17,17,1,1,39,40,6650,4550,13
SIM,6,0,0,5,34,0,14,20,0,2,39,40,7550,4050,30
SIM,6,0,0,5,35,1,17,17,1,1,39,40,7050,4750,13
SIM,6,0,0,5,36,0,14,20,0,2,39,40,7950,4250,30
SIM,6,0,0,5,37,1,17,17,1,1,39,40,7450,4950,13
SIM,6,0,0,5,38,0,14,20,0,2,39,40,8350,4450,30
SIM,6,0,0,5,39,1,17,17,1,1,39,40,7850,5150,13
SIM,6,0,0,5,40,0,14,20,0,2,39,40,8750,4650,30
SIM,6,0,0,5,41,1,17,17,1,1,39,40,8250,5350,13
SIM,6,0,0,5,42,0,14,20,0,2,39,40,9150,4850,30
SIM,6,0,0,5,43,1,17,17,1,1,39,40,8650,5550,13
SIM,6,0,0,5,44,0,14,20,0,2,39,40,9550,5050,30
SIM,6,0,0,5,45,1,17,17,1,1,39,40,9050,5750,13
SIM,6,0,0,5,46,0,14,20,0,2,39,40,9950,5250,30
SIM,6,0,0,5,47,1,17,17,1,1,39,40,9450,5950,13
SIM,6,0,0,5,48,0,14,20,0,2,39,40,10350,5450,30
SIM,6,0,0,5,49,1,17,17,1,1,39,40,9850,6150,13
SIM,6,0,0,5,50,0,14,20,0,2,39,40,10750,5650,30
SIM,6,0,0,5,51,1,17,17,1,1,39,40,10250,6350,13
SIM,6,0,0,5,52,0,14,20,0,2,39,40,11150,5850,30
SIM,6,0,0,5,53,1,17,17,1,1,39,40,10650,6550,13
SIM,6,0,0,5,54,0,14,20,0,2,39,40,11550,6050,30
SIM,6,0,0,5,55,1,17,17,1,1,39,40,11050,6750,13
SIM,6,0,0,5,56,0,14,20,0,2,39,40,11950,6250,30
SIM,6,0,0,5,57,1,17,17,1,1,39,40,11450,6950,13
SIM,6,0,0,5,58,0,14,20,0,2,39,40,12350,6450,30
SIM,6,0,0,5,59,1,17,17,1,1,39,40,11850,7150,13
SIM,6,0,0,5,60,0,14,20,0,2,39,40,12750,6650,30
SIM,6,0,0,5,61,1,17,17,1,1,39,40,12250,7350,13
SIM,6,0,0,5,62,0,14,20,0,2,39,40,13150,6850,30
SIM,6,0,0,5,63,1,17,17,1,1,39,40,12650,7550,13
SIM,6,0,0,5,64,0,14,20,0,2,39,40,13550,7050,30
SIM,6,0,0,5,65,1,17,17,1,1,39,40,13050,7750,13
SIM,6,0,0,5,66,0,14,20,0,2,39,40,13950,7250,30
SIM,6,0,0,5,67,1,17,17,1,1,39,40,13450,7950,13
SIM,6,0,0,5,68,0,14,20,0,2,39,40,14350,7450,30
SIM,6,0,0,5,69,1,17,17,1,1,39,40,13850,8150,13
SIM,6,0,0,5,70,0,14,20,0,2,39,40,14750,7650,30
SIM,6,0,0,5,71,1,17,17,1,1,39,40,14250,8350,13
SIM,6,0,0,5,72,0,14,20,0,2,39,40,15150,7850,30
SIM,6,0,0,5,73,1,17,17,1,1,39,40,14650,8550,13
SIM,6,0,0,5,74,0,14,20,0,2,39,40,15550,8050,30
SIM,6,0,0,5,75,1,17,17,1,1,39,40,15050,8750,13
SIM,6,0,0,5,76,0,14,20,0,2,39,40,15950,8250,30
SIM,6,0,0,5,77,1,17,17,1,1,39,40,15450,8950,13
SIM,6,0,0,5,78,0,14,20,0,2,39,40,16350,8450,30
SIM,6,0,0,5,79,1,17,17,1,1,39,40,15850,9150,13
SIM,6,0,0,5,80,0,14,20,0,2,39,40,16750,8650,30
SIM,6,0,0,5,81,1,17,17,1,1,39,40,16250,9350,13
SIM,6,0,0,5,82,0,14,20,0,2,39,40,17150,8850,30
SIM,6,0,0,5,83,1,17,17,1,1,39,40,16650,9550,13
SIM,6,0,0,5,84,0,14,20,0,2,39,40,17550,9050,30
SIM,6,0,0,5,85,1,17,17,1,1,39,40,17050,9750,13
SIM,6,0,0,5,86,0,14,20,0,2,39,40,17950,9250,30
SIM,6,0,0,5,87,1,17,17,1,1,39,40,17450,9950,13
SIM,6,0,0,5,88,0,14,20,0,2,39,40,18350,9450,30
SIM,6,0,0,5,89,1,17,17,1,1,39,40,17850,10150,13
SIM,6,0,0,5,90,0,14,20,0,2,39,40,18750,9650,30
SIM,6,0,0,5,91,1,17,17,1,1,39,40,18250,10350,13
SIM,6,0,0,5,92,0,14,20,0,2,39,40,19150,9850,30
SIM,6,0,0,5,93,1,17,17,1,1,39,40,18650,10550,13
SIM,6,0,0,5,94,0,14,20,0,2,39,40,19550,10050,30
SIM,6,0,0,5,95,1,17,17,1,1,39,40,19050,10750,13
SIM,6,0,0,5,96,0,14,20,0,2,39,40,19950,10250,30
SIM,6,0,0,5,97,1,17,17,1,1,39,40,19450,10950,13
SIM,6,0,0,5,98,0,14,20,0,2,39,40,20350,10450,30
SIM,6,0,0,5,99,1,17,17,1,1,39,40,19850,11150,13
SIM,6,0,0,5,100,0,14,20,0,2,39,40,20750,10650,30
SIM,6,0,0,5,101,1,17,17,1,1,39,40,20250,11350,13
SIM,6,0,0,5,102,0,14,20,0,2,39,40,21150,10850,30
SIM,6,0,0,5,103,1,17,17,1,1,39,40,20650,11550,13
SIM,6,0,0,5,104,0,14,20,0,2,39,40,21550,11050,30
SIM,6,0,0,5,105,1,17,17,1,1,39,40,21050,11750,13
SIM,6,0,0,5,106,0,14,20,0,2,39,40,21950,11250,30
SIM,6,0,0,5,107,1,17,17,1,1,39,40,21450,11950,13
SIM,6,0,0,5,108,0,14,20,0,2,39,40,22350,11450,30
SIM,6,0,0,5,109,1,17,17,1,1,39,40,21850,12150,13
SIM,6,0,0,5,110,0,14,20,0,2,39,40,22750,11650,30
SIM,6,0,0,5,111,1,17,17,1,1,39,40,22250,12350,13
SIM,6,0,0,5,112,0,14,20,0,2,39,40,23150,11850,30
SIM,6,0,0,5,113,1,17,17,1,1,39,40,22650,12550,13
SIM,6,0,0,5,114,0,14,20,0,2,39,40,23550,12050,30
SIM,6,0,0,5,115,1,17,17,1,1,39,40,23050,12750,13
SIM,6,0,0,5,116,0,14,20,0,2,39,40,23950,12250,30
SIM,6,0,0,5,117,1,17,17,1,1,39,40,23450,12950,13
SIM,6,0,0,5,118,0,14,20,0,2,39,40,24350,12450,30
SIM,6,0,0,5,119,1,17,17,1,1,39,40,23850,13150,13
SIM,6,0,0,5,120,0,14,20,0,2,39,40,24750,12650,30
SIM,7,0,0,6,1,0,6,6,1,1,40,40,1000,0,20
SIM,7,0,0,6,2,1,20,6,1,1,40,40,250,800,17
SIM,7,0,0,6,3,0,17,20,1,1,40,40,1050,50,30
SIM,7,0,0,6,4,1,17,17,1,1,40,40,1050,850,28
SIM,7,0,0,6,5,0,14,17,0,1,40,40,1950,850,30
SIM,7,0,0,6,6,1,17,14,1,0,40,40,1450,1750,21
SIM,7,0,0,6,7,0,14,17,0,1,40,40,2350,1250,30
SIM,7,0,0,6,8,1,24,14,1,0,40,40,1650,2150,27
SIM,7,0,0,6,9,0,24,17,1,1,40,40,2250,1650,30
SIM,7,0,0,6,10,1,27,9,2,0,40,40,1750,2550,4
SIM,7,0,0,6,11,0,24,19,1,1,40,40,2350,1850,24
SIM,7,0,0,6,12,1,27,10,2,1,40,40,1850,2550,13
SIM,7,0,0,6,13,0,24,24,1,1,40,40,2450,1800,30
SIM,7,0,0,6,14,1,27,14,2,0,40,40,1950,2800,15
SIM,7,0,0,6,15,0,27,14,2,0,40,40,2350,2800,30
SIM,7,0,0,6,16,1,30,14,3,0,40,29,1850,3700,3
SIM,7,0,0,6,17,0,27,24,2,1,40,29,2250,3000,23
SIM,7,0,0,6,18,1,30,14,3,0,40,26,1750,3900,4
SIM,7,0,0,6,19,0,27,24,2,1,40,26,2150,3200,24
SIM,7,0,0,6,20,1,30,14,3,0,40,23,1650,4100,7
SIM,7,0,0,6,21,0,27,24,2,1,40,23,2050,3400,27
SIM,7,0,0,6,22,1,30,14,3,0,40,20,1550,4300,10
SIM,7,0,0,6,23,0,27,24,2,1,40,20,1950,3600,30
SIM,7,0,0,6,24,1,30,14,3,0,40,17,1450,4500,13
SIM,7,0,0,6,25,0,27,24,2,1,40,17,1850,3800,30
SIM,7,0,0,6,26,1,30,14,3,0,40,14,1350,4700,13
SIM,7,0,0,6,27,0,27,24,2,1,40,14,1750,4000,30
SIM,7,0,0,6,28,1,30,14,3,0,40,11,1250,4900,13
SIM,7,0,0,6,29,0,27,24,2,1,40,11,1650,4200,30
SIM,7,0,0,6,30,1,30,14,3,0,40,8,1150,5100,13
SIM,7,0,0,6,31,0,27,24,2,1,40,8,1550,4400,30
SIM,7,0,0,6,32,1,30,14,3,0,40,5,1050,5300,13
SIM,7,0,0,6,33,0,27,24,2,1,40,5,1450,4600,30
SIM,8,0,0,7,1,1,6,6,1,1,40,40,0,1000,0
SIM,8,0,0,7,2,0,6,20,1,1,40,40,800,250,20
SIM,8,0,0,7,3,1,20,17,1,1,40,40,50,1050,9
SIM,8,0,0,7,4,0,17,17,1,1,40,40,850,1050,29
SIM,8,0,0,7,5,1,17,14,1,0,40,40,850,1950,27
SIM,8,0,0,7,6,0,14,17,0,1,40,40,1750,1450,30
SIM,8,0,0,7,7,1,17,14,1,0,40,40,1250,2350,17
SIM,8,0,0,7,8,0,14,24,0,1,40,40,2150,1650,30
SIM,8,0,0,7,9,1,17,24,1,1,40,40,1650,2250,29
SIM,8,0,0,7,10,0,9,27,0,2,40,40,2550,1750,30
SIM,8,0,0,7,11,1,19,24,1,1,40,40,1850,2350,21
SIM,8,0,0,7,12,0,10,27,1,2,40,40,2550,1850,30
SIM,8,0,0,7,13,1,24,24,1,1,40,40,1800,2450,22
SIM,8,0,0,7,14,0,14,27,0,2,40,40,2800,1950,30
SIM,8,0,0,7,15,1,14,27,0,2,40,40,2800,2350,30
SIM,8,0,0,7,16,0,14,30,0,3,29,40,3700,1850,30
SIM,8,0,0,7,17,1,24,27,1,2,29,40,3000,2250,24
SIM,8,0,0,7,18,0,14,30,0,3,26,40,3900,1750,30
SIM,8,0,0,7,19,1,24,27,1,2,26,40,3200,2150,24
SIM,8,0,0,7,20,0,14,30,0,3,23,40,4100,1650,30
SIM,8,0,0,7,21,1,24,27,1,2,23,40,3400,2050,24
SIM,8,0,0,7,22,0,14,30,0,3,20,40,4300,1550,30
SIM,8,0,0,7,23,1,24,27,1,2,20,40,3600,1950,24
SIM,8,0,0,7,24,0,14,30,0,3,17,40,4500,1450,30
SIM,8,0,0,7,25,1,24,27,1,2,17,40,3800,1850,24
SIM,8,0,0,7,26,0,14,30,0,3,14,40,4700,1350,30
SIM,8,0,0,7,27,1,24,27,1,2,14,40,4000,1750,24
SIM,8,0,0,7,28,0,14,30,0,3,11,40,4900,1250,30
SIM,8,0,0,7,29,1,24,27,1,2,11,40,4200,1650,24
SIM,8,0,0,7,30,0,14,30,0,3,8,40,5100,1150,30
SIM,8,0,0,7,31,1,24,27,1,2,8,40,4400,1550,24
SIM,8,0,0,7,32,0,14,30,0,3,5,40,5300,1050,30
SIM,8,0,0,7,33,1,24,27,1,2,5,40,4600,1450,24
SIM,9,0,0,8,1,0,6,6,1,1,40,40,1000,0,20
SIM,9,0,0,8,2,1,20,3,1,1,40,40,250,800,13
SIM,9,0,0,8,3,0,17,17,1,1,40,40,1050,50,30
SIM,9,0,0,8,4,1,17,14,1,0,40,40,1050,1050,28
SIM,9,0,0,8,5,0,17,14,1,0,40,40,1750,1050,30
SIM,9,0,0,8,6,1,20,14,2,0,40,36,1250,1950,23
SIM,9,0,0,8,7,0,17,24,1,1,40,36,1950,1250,30
SIM,9,0,0,8,8,1,20,18,2,1,40,36,1450,1850,23
SIM,9,0,0,8,9,0,14,21,0,2,40,36,2350,1350,30
SIM,9,0,0,8,10,1,24,18,1,1,40,36,1650,1950,24
SIM,9,0,0,8,11,0,14,21,0,2,40,36,2550,1450,30
SIM,9,0,0,8,12,1,24,18,1,1,40,36,1850,2050,27
SIM,9,0,0,8,13,0,14,21,0,2,40,36,2750,1550,30
SIM,9,0,0,8,14,1,24,18,1,1,40,36,2050,2150,27
SIM,9,0,0,8,15,0,14,21,0,2,40,36,2950,1650,30
SIM,9,0,0,8,16,1,24,18,1,1,40,36,2250,2250,27
SIM,9,0,0,8,17,0,14,21,0,2,40,36,3150,1750,30
SIM,9,0,0,8,18,1,24,18,1,1,40,36,2450,2350,27
SIM,9,0,0,8,19,0,14,21,0,2,40,36,3350,1850,30
SIM,9,0,0,8,20,1,24,18,1,1,40,36,2650,2450,27
SIM,9,0,0,8,21,0,14,21,0,2,40,36,3550,1950,30
SIM,9,0,0,8,22,1,24,18,1,1,40,36,2850,2550,27
SIM,9,0,0,8,23,0,14,21,0,2,40,36,3750,2050,30
SIM,9,0,0,8,24,1,24,18,1,1,40,36,3050,2650,27
SIM,9,0,0,8,25,0,14,21,0,2,40,36,3950,2150,30
SIM,9,0,0,8,26,1,24,18,1,1,40,36,3250,2750,27
SIM,9,0,0,8,27,0,14,21,0,2,40,36,4150,2250,30
SIM,9,0,0,8,28,1,24,18,1,1,40,36,3450,2850,27
SIM,9,0,0,8,29,0,14,21,0,2,40,36,4350,2350,30
SIM,9,0,0,8,30,1,24,18,1,1,40,36,3650,2950,27
SIM,9,0,0,8,31,0,14,21,0,2,40,36,4550,2450,30
SIM,9,0,0,8,32,1,24,18,1,1,40,36,3850,3050,27
SIM,9,0,0,8,33,0,14,21,0,2,40,36,4750,2550,30
SIM,9,0,0,8,34,1,24,18,1,1,40,36,4050,3150,27
SIM,9,0,0,8,35,0,14,21,0,2,40,36,4950,2650,30
SIM,9,0,0,8,36,1,24,18,1,1,40,36,4250,3250,27
SIM,9,0,0,8,37,0,14,21,0,2,40,36,5150,2750,30
SIM,9,0,0,8,38,1,24,18,1,1,40,36,4450,3350,27
SIM,9,0,0,8,39,0,14,21,0,2,40,36,5350,2850,30
SIM,9,0,0,8,40,1,24,18,1,1,40,36,4650,3450,27
SIM,9,0,0,8,41,0,14,21,0,2,40,36,5550,2950,30
SIM,9,0,0,8,42,1,24,18,1,1,40,36,4850,3550,27
SIM,9,0,0,8,43,0,14,21,0,2,40,36,5750,3050,30
SIM,9,0,0,8,44,1,24,18,1,1,40,36,5050,3650,27
SIM,9,0,0,8,45,0,14,21,0,2,40,36,5950,3150,30
SIM,9,0,0,8,46,1,24,18,1,1,40,36,5250,3750,27
SIM,9,0,0,8,47,0,14,21,0,2,40,36,6150,3250,30
SIM,9,0,0,8,48,1,24,18,1,1,40,36,5450,3850,27
SIM,9,0,0,8,49,0,14,21,0,2,40,36,6350,3350,30
SIM,9,0,0,8,50,1,24,18,1,1,40,36,5650,3950,27
SIM,9,0,0,8,51,0,14,21,0,2,40,36,6550,3450,30
SIM,9,0,0,8,52,1,24,18,1,1,40,36,5850,4050,27
SIM,9,0,0,8,53,0,14,21,0,2,40,36,6750,3550,30
SIM,9,0,0,8,54,1,24,18,1,1,40,36,6050,4150,27
SIM,9,0,0,8,55,0,14,21,0,2,40,36,6950,3650,30
SIM,9,0,0,8,56,1,24,18,1,1,40,36,6250,4250,27
SIM,9,0,0,8,57,0,14,21,0,2,40,36,7150,3750,30
SIM,9,0,0,8,58,1,24,18,1,1,40,36,6450,4350,27
SIM,9,0,0,8,59,0,14,21,0,2,40,36,7350,3850,30
SIM,9,0,0,8,60,1,24,18,1,1,40,36,6650,4450,27
SIM,9,0,0,8,61,0,14,21,0,2,40,36,7550,3950,30
SIM,9,0,0,8,62,1,24,18,1,1,40,36,6850,4550,27
SIM,9,0,0,8,63,0,14,21,0,2,40,36,7750,4050,30
SIM,9,0,0,8,64,1,24,18,1,1,40,36,7050,4650,27
SIM,9,0,0,8,65,0,14,21,0,2,40,36,7950,4150,30
SIM,9,0,0,8,66,1,24,18,1,1,40,36,7250,4750,27
SIM,9,0,0,8,67,0,14,21,0,2,40,36,8150,4250,30
SIM,9,0,0,8,68,1,24,18,1,1,40,36,7450,4850,27
SIM,9,0,0,8,69,0,14,21,0,2,40,36,8350,4350,30
SIM,9,0,0,8,70,1,24,18,1,1,40,36,7650,4950,27
SIM,9,0,0,8,71,0,14,21,0,2,40,36,8550,4450,30
SIM,9,0,0,8,72,1,24,18,1,1,40,36,7850,5050,27
SIM,9,0,0,8,73,0,14,21,0,2,40,36,8750,4550,30
SIM,9,0,0,8,74,1,24,18,1,1,40,36,8050,5150,27
SIM,9,0,0,8,75,0,14,21,0,2,40,36,8950,4650,30
SIM,9,0,0,8,76,1,24,18,1,1,40,36,8250,5250,27
SIM,9,0,0,8,77,0,14,21,0,2,40,36,9150,4750,30
SIM,9,0,0,8,78,1,24,18,1,1,40,36,8450,5350,27
SIM,9,0,0,8,79,0,14,21,0,2,40,36,9350,4850,30
SIM,9,0,0,8,80,1,24,18,1,1,40,36,8650,5450,27
SIM,9,0,0,8,81,0,14,21,0,2,40,36,9550,4950,30
SIM,9,0,0,8,82,1,24,18,1,1,40,36,8850,5550,27
SIM,9,0,0,8,83,0,14,21,0,2,40,36,9750,5050,30
SIM,9,0,0,8,84,1,24,18,1,1,40,36,9050,5650,27
SIM,9,0,0,8,85,0,14,21,0,2,40,36,9950,5150,30
SIM,9,0,0,8,86,1,24,18,1,1,40,36,9250,5750,27
SIM,9,0,0,8,87,0,14,21,0,2,40,36,10150,5250,30
SIM,9,0,0,8,88,1,24,18,1,1,40,36,9450,5850,27
SIM,9,0,0,8,89,0,14,21,0,2,40,36,10350,5350,30
SIM,9,0,0,8,90,1,24,18,1,1,40,36,9650,5950,27
SIM,9,0,0,8,91,0,14,21,0,2,40,36,10550,5450,30
SIM,9,0,0,8,92,1,24,18,1,1,40,36,9850,6050,27
SIM,9,0,0,8,93,0,14,21,0,2,40,36,10750,5550,30
SIM,9,0,0,8,94,1,24,18,1,1,40,36,10050,6150,27
SIM,9,0,0,8,95,0,14,21,0,2,40,36,10950,5650,30
SIM,9,0,0,8,96,1,24,18,1,1,40,36,10250,6250,27
SIM,9,0,0,8,97,0,14,21,0,2,40,36,11150,5750,30
SIM,9,0,0,8,98,1,24,18,1,1,40,36,10450,6350,27
SIM,9,0,0,8,99,0,14,21,0,2,40,36,11350,5850,30
SIM,9,0,0,8,100,1,24,18,1,1,40,36,10650,6450,27
SIM,9,0,0,8,101,0,14,21,0,2,40,36,11550,5950,30
SIM,9,0,0,8,102,1,24,18,1,1,40,36,10850,6550,27
SIM,9,0,0,8,103,0,14,21,0,2,40,36,11750,6050,30
SIM,9,0,0,8,104,1,24,18,1,1,40,36,11050,6650,27
SIM,9,0,0,8,105,0,14,21,0,2,40,36,11950,6150,30
SIM,9,0,0,8,106,1,24,18,1,1,40,36,11250,6750,27
SIM,9,0,0,8,107,0,14,21,0,2,40,36,12150,6250,30
SIM,9,0,0,8,108,1,24,18,1,1,40,36,11450,6850,27
SIM,9,0,0,8,109,0,14,21,0,2,40,36,12350,6350,30
SIM,9,0,0,8,110,1,24,18,1,1,40,36,11650,6950,27
SIM,9,0,0,8,111,0,14,21,0,2,40,36,12550,6450,30
SIM,9,0,0,8,112,1,24,18,1,1,40,36,11850,7050,27
SIM,9,0,0,8,113,0,14,21,0,2,40,36,12750,6550,30
SIM,9,0,0,8,114,1,24,18,1,1,40,36,12050,7150,27
SIM,9,0,0,8,115,0,14,21,0,2,40,36,12950,6650,30
SIM,9,0,0,8,116,1,24,18,1,1,40,36,12250,7250,27
SIM,9,0,0,8,117,0,14,21,0,2,40,36,13150,6750,30
SIM,9,0,0,8,118,1,24,18,1,1,40,36,12450,7350,27
SIM,9,0,0,8,119,0,14,21,0,2,40,36,13350,6850,30
SIM,9,0,0,8,120,1,24,18,1,1,40,36,12650,7450,27
SIM,10,0,0,9,1,1,6,6,1,1,40,40,0,1000,0
SIM,10,0,0,9,2,0,3,20,1,1,40,40,800,250,20
SIM,10,0,0,9,3,1,17,17,1,1,40,40,50,1050,15
SIM,10,0,0,9,4,0,14,17,0,1,40,40,1050,1050,30
SIM,10,0,0,9,5,1,14,17,0,1,40,40,1050,1750,30
SIM,10,0,0,9,6,0,14,20,0,2,36,40,1950,1250,30
SIM,10,0,0,9,7,1,24,17,1,1,36,40,1250,1950,27
SIM,10,0,0,9,8,0,18,20,1,2,36,40,1850,1450,30
SIM,10,0,0,9,9,1,21,14,2,0,36,40,1350,2350,16
SIM,10,0,0,9,10,0,18,24,1,1,36,40,1950,1650,30
SIM,10,0,0,9,11,1,21,14,2,0,36,40,1450,2550,7
SIM,10,0,0,9,12,0,18,24,1,1,36,40,2050,1850,27
SIM,10,0,0,9,13,1,21,14,2,0,36,40,1550,2750,9
SIM,10,0,0,9,14,0,18,24,1,1,36,40,2150,2050,29
SIM,10,0,0,9,15,1,21,14,2,0,36,40,1650,2950,14
SIM,10,0,0,9,16,0,18,24,1,1,36,40,2250,2250,30
SIM,10,0,0,9,17,1,21,14,2,0,36,40,1750,3150,15
SIM,10,0,0,9,18,0,18,24,1,1,36,40,2350,2450,30
SIM,10,0,0,9,19,1,21,14,2,0,36,40,1850,3350,15
SIM,10,0,0,9,20,0,18,24,1,1,36,40,2450,2650,30
SIM,10,0,0,9,21,1,21,14,2,0,36,40,1950,3550,15
SIM,10,0,0,9,22,0,18,24,1,1,36,40,2550,2850,30
SIM,10,0,0,9,23,1,21,14,2,0,36,40,2050,3750,15
SIM,10,0,0,9,24,0,18,24,1,1,36,40,2650,3050,30
SIM,10,0,0,9,25,1,21,14,2,0,36,40,2150,3950,15
SIM,10,0,0,9,26,0,18,24,1,1,36,40,2750,3250,30
SIM,10,0,0,9,27,1,21,14,2,0,36,40,2250,4150,15
SIM,10,0,0,9,28,0,18,24,1,1,36,40,2850,3450,30
SIM,10,0,0,9,29,1,21,14,2,0,36,40,2350,4350,15
SIM,10,0,0,9,30,0,18,24,1,1,36,40,2950,3650,30
SIM,10,0,0,9,31,1,21,14,2,0,36,40,2450,4550,15
SIM,10,0,0,9,32,0,18,24,1,1,36,40,3050,3850,30
SIM,10,0,0,9,33,1,21,14,2,0,36,40,2550,4750,15
SIM,10,0,0,9,34,0,18,24,1,1,36,40,3150,4050,30
SIM,10,0,0,9,35,1,21,14,2,0,36,40,2650,4950,15
SIM,10,0,0,9,36,0,18,24,1,1,36,40,3250,4250,30
SIM,10,0,0,9,37,1,21,14,2,0,36,40,2750,5150,15
SIM,10,0,0,9,38,0,18,24,1,1,36,40,3350,4450,30
SIM,10,0,0,9,39,1,21,14,2,0,36,40,2850,5350,15
SIM,10,0,0,9,40,0,18,24,1,1,36,40,3450,4650,30
SIM,10,0,0,9,41,1,21,14,2,0,36,40,2950,5550,15
SIM,10,0,0,9,42,0,18,24,1,1,36,40,3550,4850,30
SIM,10,0,0,9,43,1,21,14,2,0,36,40,3050,5750,15
SIM,10,0,0,9,44,0,18,24,1,1,36,40,3650,5050,30
SIM,10,0,0,9,45,1,21,14,2,0,36,40,3150,5950,15
SIM,10,0,0,9,46,0,18,24,1,1,36,40,3750,5250,30
SIM,10,0,0,9,47,1,21,14,2,0,36,40,3250,6150,15
SIM,10,0,0,9,48,0,18,24,1,1,36,40,3850,5450,30
SIM,10,0,0,9,49,1,21,14,2,0,36,40,3350,6350,15
SIM,10,0,0,9,50,0,18,24,1,1,36,40,3950,5650,30
SIM,10,0,0,9,51,1,21,14,2,0,36,40,3450,6550,15
SIM,10,0,0,9,52,0,18,24,1,1,36,40,4050,5850,30
SIM,10,0,0,9,53,1,21,14,2,0,36,40,3550,6750,15
SIM,10,0,0,9,54,0,18,24,1,1,36,40,4150,6050,30
SIM,10,0,0,9,55,1,21,14,2,0,36,40,3650,6950,15
SIM,10,0,0,9,56,0,18,24,1,1,36,40,4250,6250,30
SIM,10,0,0,9,57,1,21,14,2,0,36,40,3750,7150,15
SIM,10,0,0,9,58,0,18,24,1,1,36,40,4350,6450,30
SIM,10,0,0,9,59,1,21,14,2,0,36,40,3850,7350,15
SIM,10,0,0,9,60,0,18,24,1,1,36,40,4450,6650,30
SIM,10,0,0,9,61,1,21,14,2,0,36,40,3950,7550,15
SIM,10,0,0,9,62,0,18,24,1,1,36,40,4550,6850,30
SIM,10,0,0,9,63,1,21,14,2,0,36,40,4050,7750,15
SIM,10,0,0,9,64,0,18,24,1,1,36,40,4650,7050,30
SIM,10,0,0,9,65,1,21,14,2,0,36,40,4150,7950,15
SIM,10,0,0,9,66,0,18,24,1,1,36,40,4750,7250,30
SIM,10,0,0,9,67,1,21,14,2,0,36,40,4250,8150,15
SIM,10,0,0,9,68,0,18,24,1,1,36,40,4850,7450,30
SIM,10,0,0,9,69,1,21,14,2,0,36,40,4350,8350,15
SIM,10,0,0,9,70,0,18,24,1,1,36,40,4950,7650,30
SIM,10,0,0,9,71,1,21,14,2,0,36,40,4450,8550,15
SIM,10,0,0,9,72,0,18,24,1,1,36,40,5050,7850,30
SIM,10,0,0,9,73,1,21,14,2,0,36,40,4550,8750,15
SIM,10,0,0,9,74,0,18,24,1,1,36,40,5150,8050,30
SIM,10,0,0,9,75,1,21,14,2,0,36,40,4650,8950,15
SIM,10,0,0,9,76,0,18,24,1,1,36,40,5250,8250,30
SIM,10,0,0,9,77,1,21,14,2,0,36,40,4750,9150,15
SIM,10,0,0,9,78,0,18,24,1,1,36,40,5350,8450,30
SIM,10,0,0,9,79,1,21,14,2,0,36,40,4850,9350,15
SIM,10,0,0,9,80,0,18,24,1,1,36,40,5450,8650,30
SIM,10,0,0,9,81,1,21,14,2,0,36,40,4950,9550,15
SIM,10,0,0,9,82,0,18,24,1,1,36,40,5550,8850,30
SIM,10,0,0,9,83,1,21,14,2,0,36,40,5050,9750,15
SIM,10,0,0,9,84,0,18,24,1,1,36,40,5650,9050,30
SIM,10,0,0,9,85,1,21,14,2,0,36,40,5150,9950,15
SIM,10,0,0,9,86,0,18,24,1,1,36,40,5750,9250,30
SIM,10,0,0,9,87,1,21,14,2,0,36,40,5250,10150,15
SIM,10,0,0,9,88,0,18,24,1,1,36,40,5850,9450,30
SIM,10,0,0,9,89,1,21,14,2,0,36,40,5350,10350,15
SIM,10,0,0,9,90,0,18,24,1,1,36,40,5950,9650,30
SIM,10,0,0,9,91,1,21,14,2,0,36,40,5450,10550,15
SIM,10,0,0,9,92,0,18,24,1,1,36,40,6050,9850,30
SIM,10,0,0,9,93,1,21,14,2,0,36,40,5550,10750,15
SIM,10,0,0,9,94,0,18,24,1,1,36,40,6150,10050,30
SIM,10,0,0,9,95,1,21,14,2,0,36,40,5650,10950,15
SIM,10,0,0,9,96,0,18,24,1,1,36,40,6250,10250,30
SIM,10,0,0,9,97,1,21,14,2,0,36,40,5750,11150,15
SIM,10,0,0,9,98,0,18,24,1,1,36,40,6350,10450,30
SIM,10,0,0,9,99,1,21,14,2,0,36,40,5850,11350,15
SIM,10,0,0,9,100,0,18,24,1,1,36,40,6450,10650,30
SIM,10,0,0,9,101,1,21,14,2,0,36,40,5950,11550,15
SIM,10,0,0,9,102,0,18,24,1,1,36,40,6550,10850,30
SIM,10,0,0,9,103,1,21,14,2,0,36,40,6050,11750,15
SIM,10,0,0,9,104,0,18,24,1,1,36,40,6650,11050,30
SIM,10,0,0,9,105,1,21,14,2,0,36,40,6150,11950,15
SIM,10,0,0,9,106,0,18,24,1,1,36,40,6750,11250,30
SIM,10,0,0,9,107,1,21,14,2,0,36,40,6250,12150,15
SIM,10,0,0,9,108,0,18,24,1,1,36,40,6850,11450,30
SIM,10,0,0,9,109,1,21,14,2,0,36,40,6350,12350,15
SIM,10,0,0,9,110,0,18,24,1,1,36,40,6950,11650,30
SIM,10,0,0,9,111,1,21,14,2,0,36,40,6450,12550,15
SIM,10,0,0,9,112,0,18,24,1,1,36,40,7050,11850,30
SIM,10,0,0,9,113,1,21,14,2,0,36,40,6550,12750,15
SIM,10,0,0,9,114,0,18,24,1,1,36,40,7150,12050,30
SIM,10,0,0,9,115,1,21,14,2,0,36,40,6650,12950,15
SIM,10,0,0,9,116,0,18,24,1,1,36,40,7250,12250,30
SIM,10,0,0,9,117,1,21,14,2,0,36,40,6750,13150,15
SIM,10,0,0,9,118,0,18,24,1,1,36,40,7350,12450,30
SIM,10,0,0,9,119,1,21,14,2,0,36,40,6850,13350,15
SIM,10,0,0,9,120,0,18,24,1,1,36,40,7450,12650,30
SIM,11,0,0,10,1,0,6,6,1,1,40,40,1000,0,20
SIM,11,0,0,10,2,1,20,3,1,1,40,40,250,800,15
SIM,11,0,0,10,3,0,17,17,1,1,40,40,1050,50,30
SIM,11,0,0,10,4,1,17,14,1,0,40,40,1050,1050,28
SIM,11,0,0,10,5,0,17,14,1,0,40,40,1750,1050,30
SIM,11,0,0,10,6,1,20,14,2,0,40,39,1250,1950,17
SIM,11,0,0,10,7,0,17,24,1,1,40,39,1950,1250,30
SIM,11,0,0,10,8,1,20,18,2,1,40,39,1450,1850,13
SIM,11,0,0,10,9,0,17,21,1,2,36,39,2150,1350,30
SIM,11,0,0,10,10,1,20,14,2,0,36,39,1650,2250,9
SIM,11,0,0,10,11,0,17,17,1,1,36,39,2350,1750,29
SIM,11,0,0,10,12,1,20,14,2,0,36,39,1850,2650,22
SIM,11,0,0,10,13,0,17,17,1,1,36,39,2550,2150,30
SIM,11,0,0,10,14,1,20,14,2,0,36,39,2050,3050,17
SIM,11,0,0,10,15,0,17,17,1,1,36,39,2750,2550,30
SIM,11,0,0,10,16,1,20,14,2,0,36,39,2250,3450,17
SIM,11,0,0,10,17,0,17,17,1,1,36,39,2950,2950,30
SIM,11,0,0,10,18,1,20,14,2,0,36,39,2450,3850,17
SIM,11,0,0,10,19,0,17,17,1,1,36,39,3150,3350,30
SIM,11,0,0,10,20,1,20,14,2,0,36,39,2650,4250,17
SIM,11,0,0,10,21,0,17,17,1,1,36,39,3350,3750,30
SIM,11,0,0,10,22,1,20,14,2,0,36,39,2850,4650,17
SIM,11,0,0,10,23,0,17,17,1,1,36,39,3550,4150,30
SIM,11,0,0,10,24,1,20,14,2,0,36,39,3050,5050,17
SIM,11,0,0,10,25,0,17,17,1,1,36,39,3750,4550,30
SIM,11,0,0,10,26,1,20,14,2,0,36,39,3250,5450,17
SIM,11,0,0,10,27,0,17,17,1,1,36,39,3950,4950,30
SIM,11,0,0,10,28,1,20,14,2,0,36,39,3450,5850,17
SIM,11,0,0,10,29,0,17,17,1,1,36,39,4150,5350,30
SIM,11,0,0,10,30,1,20,14,2,0,36,39,3650,6250,17
SIM,11,0,0,10,31,0,17,17,1,1,36,39,4350,5750,30
SIM,11,0,0,10,32,1,20,14,2,0,36,39,3850,6650,17
SIM,11,0,0,10,33,0,17,17,1,1,36,39,4550,6150,30
SIM,11,0,0,10,34,1,20,14,2,0,36,39,4050,7050,17
SIM,11,0,0,10,35,0,17,17,1,1,36,39,4750,6550,30
SIM,11,0,0,10,36,1,20,14,2,0,36,39,4250,7450,17
SIM,11,0,0,10,37,0,17,17,1,1,36,39,4950,6950,30
SIM,11,0,0,10,38,1,20,14,2,0,36,39,4450,7850,17
SIM,11,0,0,10,39,0,17,17,1,1,36,39,5150,7350,30
SIM,11,0,0,10,40,1,20,14,2,0,36,39,4650,8250,17
SIM,11,0,0,10,41,0,17,17,1,1,36,39,5350,7750,30
SIM,11,0,0,10,42,1,20,14,2,0,36,39,4850,8650,17
SIM,11,0,0,10,43,0,17,17,1,1,36,39,5550,8150,30
SIM,11,0,0,10,44,1,20,14,2,0,36,39,5050,9050,17
SIM,11,0,0,10,45,0,17,17,1,1,36,39,5750,8550,30
SIM,11,0,0,10,46,1,20,14,2,0,36,39,5250,9450,17
SIM,11,0,0,10,47,0,17,17,1,1,36,39,5950,8950,30
SIM,11,0,0,10,48,1,20,14,2,0,36,39,5450,9850,17
SIM,11,0,0,10,49,0,17,17,1,1,36,39,6150,9350,30
SIM,11,0,0,10,50,1,20,14,2,0,36,39,5650,10250,17
SIM,11,0,0,10,51,0,17,17,1,1,36,39,6350,9750,30
SIM,11,0,0,10,52,1,20,14,2,0,36,39,5850,10650,17
SIM,11,0,0,10,53,0,17,17,1,1,36,39,6550,10150,30
SIM,11,0,0,10,54,1,20,14,2,0,36,39,6050,11050,17
SIM,11,0,0,10,55,0,17,17,1,1,36,39,6750,10550,30
SIM,11,0,0,10,56,1,20,14,2,0,36,39,6250,11450,17
SIM,11,0,0,10,57,0,17,17,1,1,36,39,6950,10950,30
SIM,11,0,0,10,58,1,20,14,2,0,36,39,6450,11850,17
SIM,11,0,0,10,59,0,17,17,1,1,36,39,7150,11350,30
SIM,11,0,0,10,60,1,20,14,2,0,36,39,6650,12250,17
SIM,11,0,0,10,61,0,17,17,1,1,36,39,7350,11750,30
SIM,11,0,0,10,62,1,20,14,2,0,36,39,6850,12650,17
SIM,11,0,0,10,63,0,17,17,1,1,36,39,7550,12150,30
SIM,11,0,0,10,64,1,20,14,2,0,36,39,7050,13050,17
SIM,11,0,0,10,65,0,17,17,1,1,36,39,7750,12550,30
SIM,11,0,0,10,66,1,20,14,2,0,36,39,7250,13450,17
SIM,11,0,0,10,67,0,17,17,1,1,36,39,7950,12950,30
SIM,11,0,0,10,68,1,20,14,2,0,36,39,7450,13850,17
SIM,11,0,0,10,69,0,17,17,1,1,36,39,8150,13350,30
SIM,11,0,0,10,70,1,20,14,2,0,36,39,7650,14250,17
SIM,11,0,0,10,71,0,17,17,1,1,36,39,8350,13750,30
SIM,11,0,0,10,72,1,20,14,2,0,36,39,7850,14650,17
SIM,11,0,0,10,73,0,17,17,1,1,36,39,8550,14150,30
SIM,11,0,0,10,74,1,20,14,2,0,36,39,8050,15050,17
SIM,11,0,0,10,75,0,17,17,1,1,36,39,8750,14550,30
SIM,11,0,0,10,76,1,20,14,2,0,36,39,8250,15450,17
SIM,11,0,0,10,77,0,17,17,1,1,36,39,8950,14950,30
SIM,11,0,0,10,78,1,20,14,2,0,36,39,8450,15850,17
SIM,11,0,0,10,79,0,17,17,1,1,36,39,9150,15350,30
SIM,11,0,0,10,80,1,20,14,2,0,36,39,8650,16250,17
SIM,11,0,0,10,81,0,17,17,1,1,36,39,9350,15750,30
SIM,11,0,0,10,82,1,20,14,2,0,36,39,8850,16650,17
SIM,11,0,0,10,83,0,17,17,1,1,36,39,9550,16150,30
SIM,11,0,0,10,84,1,20,14,2,0,36,39,9050,17050,17
SIM,11,0,0,10,85,0,17,17,1,1,36,39,9750,16550,30
SIM,11,0,0,10,86,1,20,14,2,0,36,39,9250,17450,17
SIM,11,0,0,10,87,0,17,17,1,1,36,39,9950,16950,30
SIM,11,0,0,10,88,1,20,14,2,0,36,39,9450,17850,17
SIM,11,0,0,10,89,0,17,17,1,1,36,39,10150,17350,30
SIM,11,0,0,10,90,1,20,14,2,0,36,39,9650,18250,17
SIM,11,0,0,10,91,0,17,17,1,1,36,39,10350,17750,30
SIM,11,0,0,10,92,1,20,14,2,0,36,39,9850,18650,17
SIM,11,0,0,10,93,0,17,17,1,1,36,39,10550,18150,30
SIM,11,0,0,10,94,1,20,14,2,0,36,39,10050,19050,17
SIM,11,0,0,10,95,0,17,17,1,1,36,39,10750,18550,30
SIM,11,0,0,10,96,1,20,14,2,0,36,39,10250,19450,17
SIM,11,0,0,10,97,0,17,17,1,1,36,39,10950,18950,30
SIM,11,0,0,10,98,1,20,14,2,0,36,39,10450,19850,17
SIM,11,0,0,10,99,0,17,17,1,1,36,39,11150,19350,30
SIM,11,0,0,10,100,1,20,14,2,0,36,39,10650,20250,17
SIM,11,0,0,10,101,0,17,17,1,1,36,39,11350,19750,30
SIM,11,0,0,10,102,1,20,14,2,0,36,39,10850,20650,17
SIM,11,0,0,10,103,0,17,17,1,1,36,39,11550,20150,30
SIM,11,0,0,10,104,1,20,14,2,0,36,39,11050,21050,17
SIM,11,0,0,10,105,0,17,17,1,1,36,39,11750,20550,30
SIM,11,0,0,10,106,1,20,14,2,0,36,39,11250,21450,17
SIM,11,0,0,10,107,0,17,17,1,1,36,39,11950,20950,30
SIM,11,0,0,10,108,1,20,14,2,0,36,39,11450,21850,17
SIM,11,0,0,10,109,0,17,17,1,1,36,39,12150,21350,30
SIM,11,0,0,10,110,1,20,14,2,0,36,39,11650,22250,17
SIM,11,0,0,10,111,0,17,17,1,1,36,39,12350,21750,30
SIM,11,0,0,10,112,1,20,14,2,0,36,39,11850,22650,17
SIM,11,0,0,10,113,0,17,17,1,1,36,39,12550,22150,30
SIM,11,0,0,10,114,1,20,14,2,0,36,39,12050,23050,17
SIM,11,0,0,10,115,0,17,17,1,1,36,39,12750,22550,30
SIM,11,0,0,10,116,1,20,14,2,0,36,39,12250,23450,17
SIM,11,0,0,10,117,0,17,17,1,1,36,39,12950,22950,30
SIM,11,0,0,10,118,1,20,14,2,0,36,39,12450,23850,17
SIM,11,0,0,10,119,0,17,17,1,1,36,39,13150,23350,30
SIM,11,0,0,10,120,1,20,14,2,0,36,39,12650,24250,17
SIM,12,0,0,11,1,1,6,6,1,1,40,40,0,1000,0
SIM,12,0,0,11,2,0,3,20,1,1,40,40,800,250,20
SIM,12,0,0,11,3,1,17,17,1,1,40,40,50,1050,15
SIM,12,0,0,11,4,0,14,17,0,1,40,40,1050,1050,30
SIM,12,0,0,11,5,1,14,17,0,1,40,40,1050,1750,30
SIM,12,0,0,11,6,0,14,20,0,2,39,40,1950,1250,30
SIM,12,0,0,11,7,1,24,17,1,1,39,40,1250,1950,15
SIM,12,0,0,11,8,0,18,20,1,2,39,40,1850,1450,30
SIM,12,0,0,11,9,1,21,17,2,1,39,36,1350,2150,0
SIM,12,0,0,11,10,0,14,20,0,2,39,36,2250,1650,20
SIM,12,0,0,11,11,1,17,17,1,1,39,36,1750,2350,7
SIM,12,0,0,11,12,0,14,20,0,2,39,36,2650,1850,27
SIM,12,0,0,11,13,1,17,17,1,1,39,36,2150,2550,14
SIM,12,0,0,11,14,0,14,20,0,2,39,36,3050,2050,30
SIM,12,0,0,11,15,1,17,17,1,1,39,36,2550,2750,17
SIM,12,0,0,11,16,0,14,20,0,2,39,36,3450,2250,30
SIM,12,0,0,11,17,1,17,17,1,1,39,36,2950,2950,17
SIM,12,0,0,11,18,0,14,20,0,2,39,36,3850,2450,30
SIM,12,0,0,11,19,1,17,17,1,1,39,36,3350,3150,17
SIM,12,0,0,11,20,0,14,20,0,2,39,36,4250,2650,30
SIM,12,0,0,11,21,1,17,17,1,1,39,36,3750,3350,17
SIM,12,0,0,11,22,0,14,20,0,2,39,36,4650,2850,30
SIM,12,0,0,11,23,1,17,17,1,1,39,36,4150,3550,17
SIM,12,0,0,11,24,0,14,20,0,2,39,36,5050,3050,30
SIM,12,0,0,11,25,1,17,17,1,1,39,36,4550,3750,17
SIM,12,0,0,11,26,0,14,20,0,2,39,36,5450,3250,30
SIM,12,0,0,11,27,1,17,17,1,1,39,36,4950,3950,17
SIM,12,0,0,11,28,0,14,20,0,2,39,36,5850,3450,30
SIM,12,0,0,11,29,1,17,17,1,1,39,36,5350,4150,17
SIM,12,0,0,11,30,0,14,20,0,2,39,36,6250,3650,30
SIM,12,0,0,11,31,1,17,17,1,1,39,36,5750,4350,17
SIM,12,0,0,11,32,0,14,20,0,2,39,36,6650,3850,30
SIM,12,0,0,11,33,1,17,17,1,1,39,36,6150,4550,17
SIM,12,0,0,11,34,0,14,20,0,2,39,36,7050,4050,30
SIM,12,0,0,11,35,1,17,17,1,1,39,36,6550,4750,17
SIM,12,0,0,11,36,0,14,20,0,2,39,36,7450,4250,30
SIM,12,0,0,11,37,1,17,17,1,1,39,36,6950,4950,17
SIM,12,0,0,11,38,0,14,20,0,2,39,36,7850,4450,30
SIM,12,0,0,11,39,1,17,17,1,1,39,36,7350,5150,17
SIM,12,0,0,11,40,0,14,20,0,2,39,36,8250,4650,30
SIM,12,0,0,11,41,1,17,17,1,1,39,36,7750,5350,17
SIM,12,0,0,11,42,0,14,20,0,2,39,36,8650,4850,30
SIM,12,0,0,11,43,1,17,17,1,1,39,36,8150,5550,17
SIM,12,0,0,11,44,0,14,20,0,2,39,36,9050,5050,30
SIM,12,0,0,11,45,1,17,17,1,1,39,36,8550,5750,17
SIM,12,0,0,11,46,0,14,20,0,2,39,36,9450,5250,30
SIM,12,0,0,11,47,1,17,17,1,1,39,36,8950,5950,17
SIM,12,0,0,11,48,0,14,20,0,2,39,36,9850,5450,30
SIM,12,0,0,11,49,1,17,17,1,1,39,36,9350,6150,17
SIM,12,0,0,11,50,0,14,20,0,2,39,36,10250,5650,30
SIM,12,0,0,11,51,1,17,17,1,1,39,36,9750,6350,17
SIM,12,0,0,11,52,0,14,20,0,2,39,36,10650,5850,30
SIM,12,0,0,11,53,1,17,17,1,1,39,36,10150,6550,17
SIM,12,0,0,11,54,0,14,20,0,2,39,36,11050,6050,30
SIM,12,0,0,11,55,1,17,17,1,1,39,36,10550,6750,17
SIM,12,0,0,11,56,0,14,20,0,2,39,36,11450,6250,30
SIM,12,0,0,11,57,1,17,17,1,1,39,36,10950,6950,17
SIM,12,0,0,11,58,0,14,20,0,2,39,36,11850,6450,30
SIM,12,0,0,11,59,1,17,17,1,1,39,36,11350,7150,17
SIM,12,0,0,11,60,0,14,20,0,2,39,36,12250,6650,30
SIM,12,0,0,11,61,1,17,17,1,1,39,36,11750,7350,17
SIM,12,0,0,11,62,0,14,20,0,2,39,36,12650,6850,30
SIM,12,0,0,11,63,1,17,17,1,1,39,36,12150,7550,17
SIM,12,0,0,11,64,0,14,20,0,2,39,36,13050,7050,30
SIM,12,0,0,11,65,1,17,17,1,1,39,36,12550,7750,17
SIM,12,0,0,11,66,0,14,20,0,2,39,36,13450,7250,30
SIM,12,0,0,11,67,1,17,17,1,1,39,36,12950,7950,17
SIM,12,0,0,11,68,0,14,20,0,2,39,36,13850,7450,30
SIM,12,0,0,11,69,1,17,17,1,1,39,36,13350,8150,17
SIM,12,0,0,11,70,0,14,20,0,2,39,36,14250,7650,30
SIM,12,0,0,11,71,1,17,17,1,1,39,36,13750,8350,17
SIM,12,0,0,11,72,0,14,20,0,2,39,36,14650,7850,30
SIM,12,0,0,11,73,1,17,17,1,1,39,36,14150,8550,17
SIM,12,0,0,11,74,0,14,20,0,2,39,36,15050,8050,30
SIM,12,0,0,11,75,1,17,17,1,1,39,36,14550,8750,17
SIM,12,0,0,11,76,0,14,20,0,2,39,36,15450,8250,30
SIM,12,0,0,11,77,1,17,17,1,1,39,36,14950,8950,17
SIM,12,0,0,11,78,0,14,20,0,2,39,36,15850,8450,30
SIM,12,0,0,11,79,1,17,17,1,1,39,36,15350,9150,17
SIM,12,0,0,11,80,0,14,20,0,2,39,36,16250,8650,30
SIM,12,0,0,11,81,1,17,17,1,1,39,36,15750,9350,17
SIM,12,0,0,11,82,0,14,20,0,2,39,36,16650,8850,30
SIM,12,0,0,11,83,1,17,17,1,1,39,36,16150,9550,17
SIM,12,0,0,11,84,0,14,20,0,2,39,36,17050,9050,30
SIM,12,0,0,11,85,1,17,17,1,1,39,36,16550,9750,17
SIM,12,0,0,11,86,0,14,20,0,2,39,36,17450,9250,30
SIM,12,0,0,11,87,1,17,17,1,1,39,36,16950,9950,17
SIM,12,0,0,11,88,0,14,20,0,2,39,36,17850,9450,30
SIM,12,0,0,11,89,1,17,17,1,1,39,36,17350,10150,17
SIM,12,0,0,11,90,0,14,20,0,2,39,36,18250,9650,30
SIM,12,0,0,11,91,1,17,17,1,1,39,36,17750,10350,17
SIM,12,0,0,11,92,0,14,20,0,2,39,36,18650,9850,30
SIM,12,0,0,11,93,1,17,17,1,1,39,36,18150,10550,17
SIM,12,0,0,11,94,0,14,20,0,2,39,36,19050,10050,30
SIM,12,0,0,11,95,1,17,17,1,1,39,36,18550,10750,17
SIM,12,0,0,11,96,0,14,20,0,2,39,36,19450,10250,30
SIM,12,0,0,11,97,1,17,17,1,1,39,36,18950,10950,17
SIM,12,0,0,11,98,0,14,20,0,2,39,36,19850,10450,30
SIM,12,0,0,11,99,1,17,17,1,1,39,36,19350,11150,17
SIM,12,0,0,11,100,0,14,20,0,2,39,36,20250,10650,30
SIM,12,0,0,11,101,1,17,17,1,1,39,36,19750,11350,17
SIM,12,0,0,11,102,0,14,20,0,2,39,36,20650,10850,30
SIM,12,0,0,11,103,1,17,17,1,1,39,36,20150,11550,17
SIM,12,0,0,11,104,0,14,20,0,2,39,36,21050,11050,30
SIM,12,0,0,11,105,1,17,17,1,1,39,36,20550,11750,17
SIM,12,0,0,11,106,0,14,20,0,2,39,36,21450,11250,30
SIM,12,0,0,11,107,1,17,17,1,1,39,36,20950,11950,17
SIM,12,0,0,11,108,0,14,20,0,2,39,36,21850,11450,30
SIM,12,0,0,11,109,1,17,17,1,1,39,36,21350,12150,17
SIM,12,0,0,11,110,0,14,20,0,2,39,36,22250,11650,30
SIM,12,0,0,11,111,1,17,17,1,1,39,36,21750,12350,17
SIM,12,0,0,11,112,0,14,20,0,2,39,36,22650,11850,30
SIM,12,0,0,11,113,1,17,17,1,1,39,36,22150,12550,17
SIM,12,0,0,11,114,0,14,20,0,2,39,36,23050,12050,30
SIM,12,0,0,11,115,1,17,17,1,1,39,36,22550,12750,17
SIM,12,0,0,11,116,0,14,20,0,2,39,36,23450,12250,30
SIM,12,0,0,11,117,1,17,17,1,1,39,36,22950,12950,17
SIM,12,0,0,11,118,0,14,20,0,2,39,36,23850,12450,30
SIM,12,0,0,11,119,1,17,17,1,1,39,36,23350,13150,17
SIM,12,0,0,11,120,0,14,20,0,2,39,36,24250,12650,30
SIM,13,0,1,0,1,0,6,0,1,0,40,40,1000,0,20
SIM,13,0,1,0,2,1,20,0,1,0,40,40,250,1000,17
SIM,13,0,1,0,3,0,20,14,1,0,40,40,1050,250,30
SIM,13,0,1,0,4,1,20,14,1,0,40,40,1050,1250,30
SIM,13,0,1,0,5,0,20,14,1,0,40,40,1750,1250,30
SIM,13,0,1,0,6,1,23,14,2,0,40,36,1250,2150,25
SIM,13,0,1,0,7,0,20,24,1,1,40,36,1950,1450,30
SIM,13,0,1,0,8,1,23,18,2,1,40,36,1450,2050,23
SIM,13,0,1,0,9,0,14,21,0,2,40,36,2350,1550,30
SIM,13,0,1,0,10,1,24,17,1,1,40,36,1650,2250,27
SIM,13,0,1,0,11,0,14,20,0,2,40,36,2550,1750,30
SIM,13,0,1,0,12,1,24,17,1,1,40,36,1850,2450,27
SIM,13,0,1,0,13,0,14,20,0,2,40,36,2750,1950,30
SIM,13,0,1,0,14,1,24,17,1,1,40,36,2050,2650,27
SIM,13,0,1,0,15,0,14,20,0,2,40,36,2950,2150,30
SIM,13,0,1,0,16,1,24,17,1,1,40,36,2250,2850,27
SIM,13,0,1,0,17,0,14,20,0,2,40,36,3150,2350,30
SIM,13,0,1,0,18,1,24,17,1,1,40,36,2450,3050,27
SIM,13,0,1,0,19,0,14,20,0,2,40,36,3350,2550,30
SIM,13,0,1,0,20,1,24,17,1,1,40,36,2650,3250,27
SIM,13,0,1,0,21,0,14,20,0,2,40,36,3550,2750,30
SIM,13,0,1,0,22,1,24,17,1,1,40,36,2850,3450,27
SIM,13,0,1,0,23,0,14,20,0,2,40,36,3750,2950,30
SIM,13,0,1,0,24,1,24,17,1,1,40,36,3050,3650,27
SIM,13,0,1,0,25,0,14,20,0,2,40,36,3950,3150,30
SIM,13,0,1,0,26,1,24,17,1,1,40,36,3250,3850,27
SIM,13,0,1,0,27,0,14,20,0,2,40,36,4150,3350,30
SIM,13,0,1,0,28,1,24,17,1,1,40,36,3450,4050,27
SIM,13,0,1,0,29,0,14,20,0,2,40,36,4350,3550,30
SIM,13,0,1,0,30,1,24,17,1,1,40,36,3650,4250,27
SIM,13,0,1,0,31,0,14,20,0,2,40,36,4550,3750,30
SIM,13,0,1,0,32,1,24,17,1,1,40,36,3850,4450,27
SIM,13,0,1,0,33,0,14,20,0,2,40,36,4750,3950,30
SIM,13,0,1,0,34,1,24,17,1,1,40,36,4050,4650,27
SIM,13,0,1,0,35,0,14,20,0,2,40,36,4950,4150,30
SIM,13,0,1,0,36,1,24,17,1,1,40,36,4250,4850,27
SIM,13,0,1,0,37,0,14,20,0,2,40,36,5150,4350,30
SIM,13,0,1,0,38,1,24,17,1,1,40,36,4450,5050,27
SIM,13,0,1,0,39,0,14,20,0,2,40,36,5350,4550,30
SIM,13,0,1,0,40,1,24,17,1,1,40,36,4650,5250,27
SIM,13,0,1,0,41,0,14,20,0,2,40,36,5550,4750,30
SIM,13,0,1,0,42,1,24,17,1,1,40,36,4850,5450,27
SIM,13,0,1,0,43,0,14,20,0,2,40,36,5750,4950,30
SIM,13,0,1,0,44,1,24,17,1,1,40,36,5050,5650,27
SIM,13,0,1,0,45,0,14,20,0,2,40,36,5950,5150,30
SIM,13,0,1,0,46,1,24,17,1,1,40,36,5250,5850,27
SIM,13,0,1,0,47,0,14,20,0,2,40,36,6150,5350,30
SIM,13,0,1,0,48,1,24,17,1,1,40,36,5450,6050,27
SIM,13,0,1,0,49,0,14,20,0,2,40,36,6350,5550,30
SIM,13,0,1,0,50,1,24,17,1,1,40,36,5650,6250,27
SIM,13,0,1,0,51,0,14,20,0,2,40,36,6550,5750,30
SIM,13,0,1,0,52,1,24,17,1,1,40,36,5850,6450,27
SIM,13,0,1,0,53,0,14,20,0,2,40,36,6750,5950,30
SIM,13,0,1,0,54,1,24,17,1,1,40,36,6050,6650,27
SIM,13,0,1,0,55,0,14,20,0,2,40,36,6950,6150,30
SIM,13,0,1,0,56,1,24,17,1,1,40,36,6250,6850,27
SIM,13,0,1,0,57,0,14,20,0,2,40,36,7150,6350,30
SIM,13,0,1,0,58,1,24,17,1,1,40,36,6450,7050,27
SIM,13,0,1,0,59,0,14,20,0,2,40,36,7350,6550,30
SIM,13,0,1,0,60,1,24,17,1,1,40,36,6650,7250,27
SIM,13,0,1,0,61,0,14,20,0,2,40,36,7550,6750,30
SIM,13,0,1,0,62,1,24,17,1,1,40,36,6850,7450,27
SIM,13,0,1,0,63,0,14,20,0,2,40,36,7750,6950,30
SIM,13,0,1,0,64,1,24,17,1,1,40,36,7050,7650,27
SIM,13,0,1,0,65,0,14,20,0,2,40,36,7950,7150,30
SIM,13,0,1,0,66,1,24,17,1,1,40,36,7250,7850,27
SIM,13,0,1,0,67,0,14,20,0,2,40,36,8150,7350,30
SIM,13,0,1,0,68,1,24,17,1,1,40,36,7450,8050,27
SIM,13,0,1,0,69,0,14,20,0,2,40,36,8350,7550,30
SIM,13,0,1,0,70,1,24,17,1,1,40,36,7650,8250,27
SIM,13,0,1,0,71,0,14,20,0,2,40,36,8550,7750,30
SIM,13,0,1,0,72,1,24,17,1,1,40,36,7850,8450,27
SIM,13,0,1,0,73,0,14,20,0,2,40,36,8750,7950,30
SIM,13,0,1,0,74,1,24,17,1,1,40,36,8050,8650,27
SIM,13,0,1,0,75,0,14,20,0,2,40,36,8950,8150,30
SIM,13,0,1,0,76,1,24,17,1,1,40,36,8250,8850,27
SIM,13,0,1,0,77,0,14,20,0,2,40,36,9150,8350,30
SIM,13,0,1,0,78,1,24,17,1,1,40,36,8450,9050,27
SIM,13,0,1,0,79,0,14,20,0,2,40,36,9350,8550,30
SIM,13,0,1,0,80,1,24,17,1,1,40,36,8650,9250,27
SIM,13,0,1,0,81,0,14,20,0,2,40,36,9550,8750,30
SIM,13,0,1,0,82,1,24,17,1,1,40,36,8850,9450,27
SIM,13,0,1,0,83,0,14,20,0,2,40,36,9750,8950,30
SIM,13,0,1,0,84,1,24,17,1,1,40,36,9050,9650,27
SIM,13,0,1,0,85,0,14,20,0,2,40,36,9950,9150,30
SIM,13,0,1,0,86,1,24,17,1,1,40,36,9250,9850,27
SIM,13,0,1,0,87,0,14,20,0,2,40,36,10150,9350,30
SIM,13,0,1,0,88,1,24,17,1,1,40,36,9450,10050,27
SIM,13,0,1,0,89,0,14,20,0,2,40,36,10350,9550,30
SIM,13,0,1,0,90,1,24,17,1,1,40,36,9650,10250,27
SIM,13,0,1,0,91,0,14,20,0,2,40,36,10550,9750,30
SIM,13,0,1,0,92,1,24,17,1,1,40,36,9850,10450,27
SIM,13,0,1,0,93,0,14,20,0,2,40,36,10750,9950,30
SIM,13,0,1,0,94,1,24,17,1,1,40,36,10050,10650,27
SIM,13,0,1,0,95,0,14,20,0,2,40,36,10950,10150,30
SIM,13,0,1,0,96,1,24,17,1,1,40,36,10250,10850,27
SIM,13,0,1,0,97,0,14,20,0,2,40,36,11150,10350,30
SIM,13,0,1,0,98,1,24,17,1,1,40,36,10450,11050,27
SIM,13,0,1,0,99,0,14,20,0,2,40,36,11350,10550,30
SIM,13,0,1,0,100,1,24,17,1,1,40,36,10650,11250,27
SIM,13,0,1,0,101,0,14,20,0,2,40,36,11550,10750,30
SIM,13,0,1,0,102,1,24,17,1,1,40,36,10850,11450,27
SIM,13,0,1,0,103,0,14,20,0,2,40,36,11750,10950,30
SIM,13,0,1,0,104,1,24,17,1,1,40,36,11050,11650,27
SIM,13,0,1,0,105,0,14,20,0,2,40,36,11950,11150,30
SIM,13,0,1,0,106,1,24,17,1,1,40,36,11250,11850,27
SIM,13,0,1,0,107,0,14,20,0,2,40,36,12150,11350,30
SIM,13,0,1,0,108,1,24,17,1,1,40,36,11450,12050,27
SIM,13,0,1,0,109,0,14,20,0,2,40,36,12350,11550,30
SIM,13,0,1,0,110,1,24,17,1,1,40,36,11650,12250,27
SIM,13,0,1,0,111,0,14,20,0,2,40,36,12550,11750,30
SIM,13,0,1,0,112,1,24,17,1,1,40,36,11850,12450,27
SIM,13,0,1,0,113,0,14,20,0,2,40,36,12750,11950,30
SIM,13,0,1,0,114,1,24,17,1,1,40,36,12050,12650,27
SIM,13,0,1,0,115,0,14,20,0,2,40,36,12950,12150,30
SIM,13,0,1,0,116,1,24,17,1,1,40,36,12250,12850,27
SIM,13,0,1,0,117,0,14,20,0,2,40,36,13150,12350,30
SIM,13,0,1,0,118,1,24,17,1,1,40,36,12450,13050,27
SIM,13,0,1,0,119,0,14,20,0,2,40,36,13350,12550,30
SIM,13,0,1,0,120,1,24,17,1,1,40,36,12650,13250,27
SIM,14,0,1,1,1,0,6,0,1,0,40,40,1000,0,20
SIM,14,0,1,1,2,1,20,0,1,0,40,39,250,1000,5
SIM,14,0,1,1,3,0,20,0,1,0,40,39,1050,1000,25
SIM,14,0,1,1,4,1,20,0,1,0,40,38,1050,2000,23
SIM,14,0,1,1,5,0,20,0,1,0,40,38,1750,2000,30
SIM,14,0,1,1,6,1,23,0,2,0,40,33,1250,3000,19
SIM,14,0,1,1,7,0,23,0,2,0,40,33,1750,3000,30
SIM,14,0,1,1,8,1,26,0,3,0,40,25,1250,4000,11
SIM,14,0,1,1,9,0,26,0,3,0,40,25,1550,4000,30
SIM,14,0,1,1,10,1,29,0,4,0,40,13,1050,5000,9
SIM,14,0,1,1,11,0,29,0,4,0,40,13,1150,5000,29
SIM,15,0,1,2,1,0,6,0,1,0,40,40,1000,0,20
SIM,15,0,1,2,2,1,20,0,1,0,40,40,250,1000,17
SIM,15,0,1,2,3,0,20,14,1,0,40,40,1050,250,30
SIM,15,0,1,2,4,1,20,14,1,0,40,40,1050,1250,30
SIM,15,0,1,2,5,0,20,14,1,0,40,40,1750,1250,30
SIM,15,0,1,2,6,1,23,14,2,0,40,36,1250,2150,25
SIM,15,0,1,2,7,0,20,24,1,1,40,36,1950,1450,30
SIM,15,0,1,2,8,1,23,18,2,1,40,36,1450,2050,23
SIM,15,0,1,2,9,0,14,21,0,2,40,36,2350,1550,30
SIM,15,0,1,2,10,1,24,17,1,1,40,36,1650,2250,27
SIM,15,0,1,2,11,0,14,20,0,2,40,36,2550,1750,30
SIM,15,0,1,2,12,1,24,17,1,1,40,36,1850,2450,27
SIM,15,0,1,2,13,0,14,20,0,2,40,36,2750,1950,30
SIM,15,0,1,2,14,1,24,17,1,1,40,36,2050,2650,27
SIM,15,0,1,2,15,0,14,20,0,2,40,36,2950,2150,30
SIM,15,0,1,2,16,1,24,17,1,1,40,36,2250,2850,27
SIM,15,0,1,2,17,0,14,20,0,2,40,36,3150,2350,30
SIM,15,0,1,2,18,1,24,17,1,1,40,36,2450,3050,27
SIM,15,0,1,2,19,0,14,20,0,2,40,36,3350,2550,30
SIM,15,0,1,2,20,1,24,17,1,1,40,36,2650,3250,27
SIM,15,0,1,2,21,0,14,20,0,2,40,36,3550,2750,30
SIM,15,0,1,2,22,1,24,17,1,1,40,36,2850,3450,27
SIM,15,0,1,2,23,0,14,20,0,2,40,36,3750,2950,30
SIM,15,0,1,2,24,1,24,17,1,1,40,36,3050,3650,27
SIM,15,0,1,2,25,0,14,20,0,2,40,36,3950,3150,30
SIM,15,0,1,2,26,1,24,17,1,1,40,36,3250,3850,27
SIM,15,0,1,2,27,0,14,20,0,2,40,36,4150,3350,30
SIM,15,0,1,2,28,1,24,17,1,1,40,36,3450,4050,27
SIM,15,0,1,2,29,0,14,20,0,2,40,36,4350,3550,30
SIM,15,0,1,2,30,1,24,17,1,1,40,36,3650,4250,27
SIM,15,0,1,2,31,0,14,20,0,2,40,36,4550,3750,30
SIM,15,0,1,2,32,1,24,17,1,1,40,36,3850,4450,27
SIM,15,0,1,2,33,0,14,20,0,2,40,36,4750,3950,30
SIM,15,0,1,2,34,1,24,17,1,1,40,36,4050,4650,27
SIM,15,0,1,2,35,0,14,20,0,2,40,36,4950,4150,30
SIM,15,0,1,2,36,1,24,17,1,1,40,36,4250,4850,27
SIM,15,0,1,2,37,0,14,20,0,2,40,36,5150,4350,30
SIM,15,0,1,2,38,1,24,17,1,1,40,36,4450,5050,27
SIM,15,0,1,2,39,0,14,20,0,2,40,36,5350,4550,30
SIM,15,0,1,2,40,1,24,17,1,1,40,36,4650,5250,27
SIM,15,0,1,2,41,0,14,20,0,2,40,36,5550,4750,30
SIM,15,0,1,2,42,1,24,17,1,1,40,36,4850,5450,27
SIM,15,0,1,2,43,0,14,20,0,2,40,36,5750,4950,30
SIM,15,0,1,2,44,1,24,17,1,1,40,36,5050,5650,27
SIM,15,0,1,2,45,0,14,20,0,2,40,36,5950,5150,30
SIM,15,0,1,2,46,1,24,17,1,1,40,36,5250,5850,27
SIM,15,0,1,2,47,0,14,20,0,2,40,36,6150,5350,30
SIM,15,0,1,2,48,1,24,17,1,1,40,36,5450,6050,27
SIM,15,0,1,2,49,0,14,20,0,2,40,36,6350,5550,30
SIM,15,0,1,2,50,1,24,17,1,1,40,36,5650,6250,27
SIM,15,0,1,2,51,0,14,20,0,2,40,36,6550,5750,30
SIM,15,0,1,2,52,1,24,17,1,1,40,36,5850,6450,27
SIM,15,0,1,2,53,0,14,20,0,2,40,36,6750,5950,30
SIM,15,0,1,2,54,1,24,17,1,1,40,36,6050,6650,27
SIM,15,0,1,2,55,0,14,20,0,2,40,36,6950,6150,30
SIM,15,0,1,2,56,1,24,17,1,1,40,36,6250,6850,27
SIM,15,0,1,2,57,0,14,20,0,2,40,36,7150,6350,30
SIM,15,0,1,2,58,1,24,17,1,1,40,36,6450,7050,27
SIM,15,0,1,2,59,0,14,20,0,2,40,36,7350,6550,30
SIM,15,0,1,2,60,1,24,17,1,1,40,36,6650,7250,27
SIM,15,0,1,2,61,0,14,20,0,2,40,36,7550,6750,30
SIM,15,0,1,2,62,1,24,17,1,1,40,36,6850,7450,27
SIM,15,0,1,2,63,0,14,20,0,2,40,36,7750,6950,30
SIM,15,0,1,2,64,1,24,17,1,1,40,36,7050,7650,27
SIM,15,0,1,2,65,0,14,20,0,2,40,36,7950,7150,30
SIM,15,0,1,2,66,1,24,17,1,1,40,36,7250,7850,27
SIM,15,0,1,2,67,0,14,20,0,2,40,36,8150,7350,30
SIM,15,0,1,2,68,1,24,17,1,1,40,36,7450,8050,27
SIM,15,0,1,2,69,0,14,20,0,2,40,36,8350,7550,30
SIM,15,0,1,2,70,1,24,17,1,1,40,36,7650,8250,27
SIM,15,0,1,2,71,0,14,20,0,2,40,36,8550,7750,30
SIM,15,0,1,2,72,1,24,17,1,1,40,36,7850,8450,27
SIM,15,0,1,2,73,0,14,20,0,2,40,36,8750,7950,30
SIM,15,0,1,2,74,1,24,17,1,1,40,36,8050,8650,27
SIM,15,0,1,2,75,0,14,20,0,2,40,36,8950,8150,30
SIM,15,0,1,2,76,1,24,17,1,1,40,36,8250,8850,27
SIM,15,0,1,2,77,0,14,20,0,2,40,36,9150,8350,30
SIM,15,0,1,2,78,1,24,17,1,1,40,36,8450,9050,27
SIM,15,0,1,2,79,0,14,20,0,2,40,36,9350,8550,30
SIM,15,0,1,2,80,1,24,17,1,1,40,36,8650,9250,27
SIM,15,0,1,2,81,0,14,20,0,2,40,36,9550,8750,30
SIM,15,0,1,2,82,1,24,17,1,1,40,36,8850,9450,27
SIM,15,0,1,2,83,0,14,20,0,2,40,36,9750,8950,30
SIM,15,0,1,2,84,1,24,17,1,1,40,36,9050,9650,27
SIM,15,0,1,2,85,0,14,20,0,2,40,36,9950,9150,30
SIM,15,0,1,2,86,1,24,17,1,1,40,36,9250,9850,27
SIM,15,0,1,2,87,0,14,20,0,2,40,36,10150,9350,30
SIM,15,0,1,2,88,1,24,17,1,1,40,36,9450,10050,27
SIM,15,0,1,2,89,0,14,20,0,2,40,36,10350,9550,30
SIM,15,0,1,2,90,1,24,17,1,1,40,36,9650,10250,27
SIM,15,0,1,2,91,0,14,20,0,2,40,36,10550,9750,30
SIM,15,0,1,2,92,1,24,17,1,1,40,36,9850,10450,27
SIM,15,0,1,2,93,0,14,20,0,2,40,36,10750,9950,30
SIM,15,0,1,2,94,1,24,17,1,1,40,36,10050,10650,27
SIM,15,0,1,2,95,0,14,20,0,2,40,36,10950,10150,30
SIM,15,0,1,2,96,1,24,17,1,1,40,36,10250,10850,27
SIM,15,0,1,2,97,0,14,20,0,2,40,36,11150,10350,30
SIM,15,0,1,2,98,1,24,17,1,1,40,36,10450,11050,27
SIM,15,0,1,2,99,0,14,20,0,2,40,36,11350,10550,30
SIM,15,0,1,2,100,1,24,17,1,1,40,36,10650,11250,27
SIM,15,0,1,2,101,0,14,20,0,2,40,36,11550,10750,30
SIM,15,0,1,2,102,1,24,17,1,1,40,36,10850,11450,27
SIM,15,0,1,2,103,0,14,20,0,2,40,36,11750,10950,30
SIM,15,0,1,2,104,1,24,17,1,1,40,36,11050,11650,27
SIM,15,0,1,2,105,0,14,20,0,2,40,36,11950,11150,30
SIM,15,0,1,2,106,1,24,17,1,1,40,36,11250,11850,27
SIM,15,0,1,2,107,0,14,20,0,2,40,36,12150,11350,30
SIM,15,0,1,2,108,1,24,17,1,1,40,36,11450,12050,27
SIM,15,0,1,2,109,0,14,20,0,2,40,36,12350,11550,30
SIM,15,0,1,2,110,1,24,17,1,1,40,36,11650,12250,27
SIM,15,0,1,2,111,0,14,20,0,2,40,36,12550,11750,30
SIM,15,0,1,2,112,1,24,17,1,1,40,36,11850,12450,27
SIM,15,0,1,2,113,0,14,20,0,2,40,36,12750,11950,30
SIM,15,0,1,2,114,1,24,17,1,1,40,36,12050,12650,27
SIM,15,0,1,2,115,0,14,20,0,2,40,36,12950,12150,30
SIM,15,0,1,2,116,1,24,17,1,1,40,36,12250,12850,27
SIM,15,0,1,2,117,0,14,20,0,2,40,36,13150,12350,30
SIM,15,0,1,2,118,1,24,17,1,1,40,36,12450,13050,27
SIM,15,0,1,2,119,0,14,20,0,2,40,36,13350,12550,30
SIM,15,0,1,2,120,1,24,17,1,1,40,36,12650,13250,27
SIM,16,1,1,0,1,0,0,6,0,1,40,40,1000,0,20
SIM,16,1,1,0,2,1,14,6,0,1,40,40,250,800,17
SIM,16,1,1,0,3,0,14,20,0,1,39,40,1250,50,30
SIM,16,1,1,0,4,1,14,20,0,1,39,40,1250,850,30
SIM,16,1,1,0,5,0,14,20,0,1,38,40,2150,850,30
SIM,16,1,1,0,6,1,24,15,1,1,38,40,1450,1550,24
SIM,16,1,1,0,7,0,21,18,1,2,38,40,2050,1050,30
SIM,16,1,1,0,8,1,24,11,2,1,38,40,1550,1750,19
SIM,16,1,1,0,9,0,21,14,1,2,38,40,2150,1250,30
SIM,16,1,1,0,10,1,24,5,2,1,38,40,1650,1950,19
SIM,16,1,1,0,11,0,21,8,1,2,38,40,2250,1450,30
SIM,16,1,1,0,12,1,24,3,2,1,38,40,1750,2250,19
SIM,16,1,1,0,13,0,21,17,1,1,38,40,2350,1500,30
SIM,16,1,1,0,14,1,24,14,2,0,38,36,1850,2500,16
SIM,16,1,1,0,15,0,24,14,2,0,38,36,2250,2500,30
SIM,16,1,1,0,16,1,27,14,3,0,38,29,1750,3400,19
SIM,16,1,1,0,17,0,24,24,2,1,38,29,2150,2700,30
SIM,16,1,1,0,18,1,27,14,3,0,38,26,1650,3600,15
SIM,16,1,1,0,19,0,24,17,2,1,38,26,2050,3100,30
SIM,16,1,1,0,20,1,27,14,3,0,38,22,1550,4000,11
SIM,16,1,1,0,21,0,24,24,2,1,38,22,1950,3300,30
SIM,16,1,1,0,22,1,27,18,3,1,38,19,1450,3900,15
SIM,16,1,1,0,23,0,21,21,1,2,38,19,2050,3400,30
SIM,16,1,1,0,24,1,24,14,2,0,38,19,1550,4300,19
SIM,16,1,1,0,25,0,21,17,1,1,38,19,2150,3800,30
SIM,16,1,1,0,26,1,24,14,2,0,38,15,1650,4700,13
SIM,16,1,1,0,27,0,21,24,1,1,38,15,2250,4000,30
SIM,16,1,1,0,28,1,24,14,2,0,38,15,1750,4900,15
SIM,16,1,1,0,29,0,21,24,1,1,38,15,2350,4200,30
SIM,16,1,1,0,30,1,24,14,2,0,38,15,1850,5100,15
SIM,16,1,1,0,31,0,21,24,1,1,38,15,2450,4400,30
SIM,16,1,1,0,32,1,24,14,2,0,38,15,1950,5300,15
SIM,16,1,1,0,33,0,21,24,1,1,38,15,2550,4600,30
SIM,16,1,1,0,34,1,24,14,2,0,38,15,2050,5500,15
SIM,16,1,1,0,35,0,21,24,1,1,38,15,2650,4800,30
SIM,16,1,1,0,36,1,24,14,2,0,38,15,2150,5700,15
SIM,16,1,1,0,37,0,21,24,1,1,38,15,2750,5000,30
SIM,16,1,1,0,38,1,24,14,2,0,38,15,2250,5900,15
SIM,16,1,1,0,39,0,21,24,1,1,38,15,2850,5200,30
SIM,16,1,1,0,40,1,24,14,2,0,38,15,2350,6100,15
SIM,16,1,1,0,41,0,24,24,2,1,38,15,2750,5400,30
SIM,16,1,1,0,42,1,27,24,3,1,38,8,2250,6000,19
SIM,16,1,1,0,43,0,18,27,2,2,38,8,2650,5500,30
SIM,16,1,1,0,44,1,21,14,3,0,38,8,2150,6400,15
SIM,16,1,1,0,45,0,20,17,2,1,38,8,2650,5900,30
SIM,17,1,1,1,1,0,0,6,0,1,40,40,1000,0,20
SIM,17,1,1,1,2,1,14,6,0,1,40,40,250,800,17
SIM,17,1,1,1,3,0,14,20,0,1,39,40,1250,50,30
SIM,17,1,1,1,4,1,14,20,0,1,39,40,1250,850,30
SIM,17,1,1,1,5,0,14,20,0,1,38,40,2150,850,30
SIM,17,1,1,1,6,1,24,15,1,1,38,40,1450,1550,27
SIM,17,1,1,1,7,0,21,18,1,2,38,40,2050,1050,30
SIM,17,1,1,1,8,1,24,14,2,0,38,40,1550,1950,15
SIM,17,1,1,1,9,0,21,24,1,1,38,40,2150,1250,30
SIM,17,1,1,1,10,1,24,14,2,0,38,40,1650,2150,4
SIM,17,1,1,1,11,0,21,24,1,1,38,40,2250,1450,24
SIM,17,1,1,1,12,1,24,14,2,0,38,40,1750,2350,1
SIM,17,1,1,1,13,0,21,24,1,1,38,40,2350,1650,21
SIM,17,1,1,1,14,1,24,19,2,1,38,40,1850,2250,18
SIM,17,1,1,1,15,0,17,22,1,2,38,40,2550,1750,30
SIM,17,1,1,1,16,1,20,14,2,0,38,40,2050,2650,1
SIM,17,1,1,1,17,0,17,24,1,1,38,40,2750,1950,21
SIM,17,1,1,1,18,1,20,14,2,0,38,40,2250,2850,2
SIM,17,1,1,1,19,0,17,24,1,1,38,40,2950,2150,22
SIM,17,1,1,1,20,1,20,14,2,0,38,40,2450,3050,3
SIM,17,1,1,1,21,0,17,24,1,1,38,40,3150,2350,23
SIM,17,1,1,1,22,1,20,14,2,0,38,40,2650,3250,4
SIM,17,1,1,1,23,0,17,24,1,1,38,40,3350,2550,24
SIM,17,1,1,1,24,1,20,14,2,0,38,40,2850,3450,5
SIM,17,1,1,1,25,0,17,24,1,1,38,40,3550,2750,25
SIM,17,1,1,1,26,1,20,14,2,0,38,40,3050,3650,6
SIM,17,1,1,1,27,0,17,24,1,1,38,40,3750,2950,26
SIM,17,1,1,1,28,1,20,14,2,0,38,40,3250,3850,7
SIM,17,1,1,1,29,0,17,24,1,1,38,40,3950,3150,27
SIM,17,1,1,1,30,1,20,14,2,0,38,40,3450,4050,8
SIM,17,1,1,1,31,0,17,24,1,1,38,40,4150,3350,28
SIM,17,1,1,1,32,1,20,14,2,0,38,40,3650,4250,9
SIM,17,1,1,1,33,0,17,24,1,1,38,40,4350,3550,29
SIM,17,1,1,1,34,1,20,14,2,0,38,40,3850,4450,10
SIM,17,1,1,1,35,0,17,24,1,1,38,40,4550,3750,30
SIM,17,1,1,1,36,1,20,14,2,0,38,40,4050,4650,11
SIM,17,1,1,1,37,0,17,24,1,1,38,40,4750,3950,30
SIM,17,1,1,1,38,1,20,14,2,0,38,40,4250,4850,11
SIM,17,1,1,1,39,0,17,24,1,1,38,40,4950,4150,30
SIM,17,1,1,1,40,1,20,14,2,0,38,40,4450,5050,11
SIM,17,1,1,1,41,0,17,24,1,1,38,40,5150,4350,30
SIM,17,1,1,1,42,1,20,14,2,0,38,40,4650,5250,11
SIM,17,1,1,1,43,0,17,24,1,1,38,40,5350,4550,30
SIM,17,1,1,1,44,1,20,14,2,0,38,40,4850,5450,11
SIM,17,1,1,1,45,0,17,24,1,1,38,40,5550,4750,30
SIM,17,1,1,1,46,1,20,14,2,0,38,40,5050,5650,11
SIM,17,1,1,1,47,0,17,24,1,1,38,40,5750,4950,30
SIM,17,1,1,1,48,1,20,14,2,0,38,40,5250,5850,11
SIM,17,1,1,1,49,0,17,24,1,1,38,40,5950,5150,30
SIM,17,1,1,1,50,1,20,14,2,0,38,40,5450,6050,11
SIM,17,1,1,1,51,0,17,24,1,1,38,40,6150,5350,30
SIM,17,1,1,1,52,1,20,14,2,0,38,40,5650,6250,11
SIM,17,1,1,1,53,0,17,24,1,1,38,40,6350,5550,30
SIM,17,1,1,1,54,1,20,14,2,0,38,40,5850,6450,11
SIM,17,1,1,1,55,0,17,24,1,1,38,40,6550,5750,30
SIM,17,1,1,1,56,1,20,14,2,0,38,40,6050,6650,11
SIM,17,1,1,1,57,0,17,24,1,1,38,40,6750,5950,30
SIM,17,1,1,1,58,1,20,14,2,0,38,40,6250,6850,11
SIM,17,1,1,1,59,0,17,24,1,1,38,40,6950,6150,30
SIM,17,1,1,1,60,1,20,14,2,0,38,40,6450,7050,11
SIM,17,1,1,1,61,0,17,24,1,1,38,40,7150,6350,30
SIM,17,1,1,1,62,1,20,14,2,0,38,40,6650,7250,11
SIM,17,1,1,1,63,0,17,24,1,1,38,40,7350,6550,30
SIM,17,1,1,1,64,1,20,14,2,0,38,40,6850,7450,11
SIM,17,1,1,1,65,0,17,24,1,1,38,40,7550,6750,30
SIM,17,1,1,1,66,1,20,14,2,0,38,40,7050,7650,11
SIM,17,1,1,1,67,0,17,24,1,1,38,40,7750,6950,30
SIM,17,1,1,1,68,1,20,14,2,0,38,40,7250,7850,11
SIM,17,1,1,1,69,0,17,24,1,1,38,40,7950,7150,30
SIM,17,1,1,1,70,1,20,14,2,0,38,40,7450,8050,11
SIM,17,1,1,1,71,0,17,24,1,1,38,40,8150,7350,30
SIM,17,1,1,1,72,1,20,14,2,0,38,40,7650,8250,11
SIM,17,1,1,1,73,0,17,24,1,1,38,40,8350,7550,30
SIM,17,1,1,1,74,1,20,14,2,0,38,40,7850,8450,11
SIM,17,1,1,1,75,0,17,24,1,1,38,40,8550,7750,30
SIM,17,1,1,1,76,1,20,14,2,0,38,40,8050,8650,11
SIM,17,1,1,1,77,0,17,24,1,1,38,40,8750,7950,30
SIM,17,1,1,1,78,1,20,14,2,0,38,40,8250,8850,11
SIM,17,1,1,1,79,0,17,24,1,1,38,40,8950,8150,30
SIM,17,1,1,1,80,1,20,14,2,0,38,40,8450,9050,11
SIM,17,1,1,1,81,0,17,24,1,1,38,40,9150,8350,30
SIM,17,1,1,1,82,1,20,14,2,0,38,40,8650,9250,11
SIM,17,1,1,1,83,0,17,24,1,1,38,40,9350,8550,30
SIM,17,1,1,1,84,1,20,14,2,0,38,40,8850,9450,11
SIM,17,1,1,1,85,0,17,24,1,1,38,40,9550,8750,30
SIM,17,1,1,1,86,1,20,14,2,0,38,40,9050,9650,11
SIM,17,1,1,1,87,0,17,24,1,1,38,40,9750,8950,30
SIM,17,1,1,1,88,1,20,14,2,0,38,40,9250,9850,11
SIM,17,1,1,1,89,0,17,24,1,1,38,40,9950,9150,30
SIM,17,1,1,1,90,1,20,14,2,0,38,40,9450,10050,11
SIM,17,1,1,1,91,0,17,24,1,1,38,40,10150,9350,30
SIM,17,1,1,1,92,1,20,14,2,0,38,40,9650,10250,11
SIM,17,1,1,1,93,0,17,24,1,1,38,40,10350,9550,30
SIM,17,1,1,1,94,1,20,14,2,0,38,40,9850,10450,11
SIM,17,1,1,1,95,0,17,24,1,1,38,40,10550,9750,30
SIM,17,1,1,1,96,1,20,14,2,0,38,40,10050,10650,11
SIM,17,1,1,1,97,0,17,24,1,1,38,40,10750,9950,30
SIM,17,1,1,1,98,1,20,14,2,0,38,40,10250,10850,11
SIM,17,1,1,1,99,0,17,24,1,1,38,40,10950,10150,30
SIM,17,1,1,1,100,1,20,14,2,0,38,40,10450,11050,11
SIM,17,1,1,1,101,0,17,24,1,1,38,40,11150,10350,30
SIM,17,1,1,1,102,1,20,14,2,0,38,40,10650,11250,11
SIM,17,1,1,1,103,0,17,24,1,1,38,40,11350,10550,30
SIM,17,1,1,1,104,1,20,14,2,0,38,40,10850,11450,11
SIM,17,1,1,1,105,0,17,24,1,1,38,40,11550,10750,30
SIM,17,1,1,1,106,1,20,14,2,0,38,40,11050,11650,11
SIM,17,1,1,1,107,0,17,24,1,1,38,40,11750,10950,30
SIM,17,1,1,1,108,1,20,14,2,0,38,40,11250,11850,11
SIM,17,1,1,1,109,0,17,24,1,1,38,40,11950,11150,30
SIM,17,1,1,1,110,1,20,14,2,0,38,40,11450,12050,11
SIM,17,1,1,1,111,0,17,24,1,1,38,40,12150,11350,30
SIM,17,1,1,1,112,1,20,14,2,0,38,40,11650,12250,11
SIM,17,1,1,1,113,0,17,24,1,1,38,40,12350,11550,30
SIM,17,1,1,1,114,1,20,14,2,0,38,40,11850,12450,11
SIM,17,1,1,1,115,0,17,24,1,1,38,40,12550,11750,30
SIM,17,1,1,1,116,1,20,14,2,0,38,40,12050,12650,11
SIM,17,1,1,1,117,0,17,24,1,1,38,40,12750,11950,30
SIM,17,1,1,1,118,1,20,14,2,0,38,40,12250,12850,11
SIM,17,1,1,1,119,0,17,24,1,1,38,40,12950,12150,30
SIM,17,1,1,1,120,1,20,14,2,0,38,40,12450,13050,11
SIM,18,1,1,2,1,0,0,6,0,1,40,40,1000,0,20
SIM,18,1,1,2,2,1,14,6,0,1,40,40,250,800,17
SIM,18,1,1,2,3,0,14,20,0,1,39,40,1250,50,30
SIM,18,1,1,2,4,1,14,20,0,1,39,40,1250,850,30
SIM,18,1,1,2,5,0,14,20,0,1,38,40,2150,850,30
SIM,18,1,1,2,6,1,24,15,1,1,38,40,1450,1550,24
SIM,18,1,1,2,7,0,21,18,1,2,38,40,2050,1050,30
SIM,18,1,1,2,8,1,24,11,2,1,38,40,1550,1750,19
SIM,18,1,1,2,9,0,21,14,1,2,38,40,2150,1250,30
SIM,18,1,1,2,10,1,24,5,2,1,38,40,1650,1950,19
SIM,18,1,1,2,11,0,21,8,1,2,38,40,2250,1450,30
SIM,18,1,1,2,12,1,24,3,2,1,38,40,1750,2250,19
SIM,18,1,1,2,13,0,21,17,1,1,38,40,2350,1500,30
SIM,18,1,1,2,14,1,24,14,2,0,38,36,1850,2500,16
SIM,18,1,1,2,15,0,24,14,2,0,38,36,2250,2500,30
SIM,18,1,1,2,16,1,27,14,3,0,38,29,1750,3400,19
SIM,18,1,1,2,17,0,24,24,2,1,38,29,2150,2700,30
SIM,18,1,1,2,18,1,27,14,3,0,38,26,1650,3600,15
SIM,18,1,1,2,19,0,24,17,2,1,38,26,2050,3100,30
SIM,18,1,1,2,20,1,27,14,3,0,38,22,1550,4000,11
SIM,18,1,1,2,21,0,24,24,2,1,38,22,1950,3300,30
SIM,18,1,1,2,22,1,27,18,3,1,38,19,1450,3900,15
SIM,18,1,1,2,23,0,21,21,1,2,38,19,2050,3400,30
SIM,18,1,1,2,24,1,24,14,2,0,38,19,1550,4300,19
SIM,18,1,1,2,25,0,21,17,1,1,38,19,2150,3800,30
SIM,18,1,1,2,26,1,24,14,2,0,38,15,1650,4700,13
SIM,18,1,1,2,27,0,21,24,1,1,38,15,2250,4000,30
SIM,18,1,1,2,28,1,24,14,2,0,38,15,1750,4900,15
SIM,18,1,1,2,29,0,21,24,1,1,38,15,2350,4200,30
SIM,18,1,1,2,30,1,24,14,2,0,38,15,1850,5100,15
SIM,18,1,1,2,31,0,21,24,1,1,38,15,2450,4400,30
SIM,18,1,1,2,32,1,24,14,2,0,38,15,1950,5300,15
SIM,18,1,1,2,33,0,21,24,1,1,38,15,2550,4600,30
SIM,18,1,1,2,34,1,24,14,2,0,38,15,2050,5500,15
SIM,18,1,1,2,35,0,21,24,1,1,38,15,2650,4800,30
SIM,18,1,1,2,36,1,24,14,2,0,38,15,2150,5700,15
SIM,18,1,1,2,37,0,21,24,1,1,38,15,2750,5000,30
SIM,18,1,1,2,38,1,24,14,2,0,38,15,2250,5900,15
SIM,18,1,1,2,39,0,21,24,1,1,38,15,2850,5200,30
SIM,18,1,1,2,40,1,24,14,2,0,38,15,2350,6100,15
SIM,18,1,1,2,41,0,24,24,2,1,38,15,2750,5400,30
SIM,18,1,1,2,42,1,27,24,3,1,38,8,2250,6000,19
SIM,18,1,1,2,43,0,18,27,2,2,38,8,2650,5500,30
SIM,18,1,1,2,44,1,21,14,3,0,38,8,2150,6400,15
SIM,18,1,1,2,45,0,20,17,2,1,38,8,2650,5900,30
SIM,19,0,2,0,1,0,12,0,2,0,40,40,1000,0,20
SIM,19,0,2,0,2,1,12,0,2,0,40,40,1000,1000,0
SIM,19,0,2,0,3,0,12,0,2,0,40,40,1600,1000,20
SIM,19,0,2,0,4,1,26,0,2,0,40,38,850,2000,9
SIM,19,0,2,0,5,0,26,0,2,0,40,38,1450,2000,29
SIM,19,0,2,0,6,1,26,0,2,0,40,37,1450,3000,27
SIM,19,0,2,0,7,0,26,0,2,0,40,37,1950,3000,30
SIM,19,0,2,0,8,1,29,0,3,0,40,32,1450,4000,11
SIM,19,0,2,0,9,0,29,0,3,0,40,32,1750,4000,30
SIM,19,0,2,0,10,1,32,0,4,0,40,23,1250,5000,9
SIM,19,0,2,0,11,0,32,0,4,0,40,23,1350,5000,29
SIM,19,0,2,0,12,1,35,0,5,0,40,14,850,6000,22
SIM,19,0,2,0,13,0,35,0,5,0,40,14,750,6000,30
SIM,19,0,2,0,14,1,38,0,6,0,40,5,250,7000,9
SIM,19,0,2,0,15,0,38,0,6,0,40,5,0,7000,29
SIM,20,0,2,1,1,0,12,0,2,0,40,40,1000,0,20
SIM,20,0,2,1,2,1,26,0,2,0,40,39,250,1000,1
SIM,20,0,2,1,3,0,26,0,2,0,40,39,850,1000,21
SIM,20,0,2,1,4,1,26,0,2,0,40,37,850,2000,13
SIM,20,0,2,1,5,0,26,0,2,0,40,37,1350,2000,30
SIM,20,0,2,1,6,1,29,0,3,0,40,36,850,3000,27
SIM,20,0,2,1,7,0,29,0,3,0,40,36,1150,3000,30
SIM,20,0,2,1,8,1,32,0,4,0,40,31,650,4000,11
SIM,20,0,2,1,9,0,32,0,4,0,40,31,750,4000,30
SIM,20,0,2,1,10,1,38,0,6,0,40,22,100,5000,0
SIM,20,0,2,1,11,0,38,0,6,0,40,22,0,5000,20
SIM,20,0,2,1,12,1,38,0,6,0,40,12,0,6000,0
SIM,20,0,2,1,13,0,38,0,6,0,40,12,0,6000,20
SIM,20,0,2,1,14,1,38,0,6,0,40,2,0,7000,3
SIM,20,0,2,1,15,0,38,0,6,0,40,2,0,7000,23
SIM,21,0,2,2,1,0,12,0,2,0,40,40,1000,0,20
SIM,21,0,2,2,2,1,12,0,2,0,40,40,1000,1000,0
SIM,21,0,2,2,3,0,12,0,2,0,40,40,1600,1000,20
SIM,21,0,2,2,4,1,26,0,2,0,40,38,850,2000,9
SIM,21,0,2,2,5,0,26,0,2,0,40,38,1450,2000,29
SIM,21,0,2,2,6,1,26,0,2,0,40,37,1450,3000,27
SIM,21,0,2,2,7,0,26,0,2,0,40,37,1950,3000,30
SIM,21,0,2,2,8,1,29,0,3,0,40,32,1450,4000,11
SIM,21,0,2,2,9,0,29,0,3,0,40,32,1750,4000,30
SIM,21,0,2,2,10,1,32,0,4,0,40,23,1250,5000,9
SIM,21,0,2,2,11,0,32,0,4,0,40,23,1350,5000,29
SIM,21,0,2,2,12,1,35,0,5,0,40,14,850,6000,22
SIM,21,0,2,2,13,0,35,0,5,0,40,14,750,6000,30
SIM,21,0,2,2,14,1,38,0,6,0,40,5,250,7000,9
SIM,21,0,2,2,15,0,38,0,6,0,40,5,0,7000,29
SIM,22,1,2,0,1,0,0,12,0,2,40,40,1000,0,20
SIM,22,1,2,0,2,1,14,12,0,2,40,40,250,600,17
SIM,22,1,2,0,3,0,14,12,0,2,40,40,1250,600,30
SIM,22,1,2,0,4,1,14,12,0,2,40,40,1250,1200,30
SIM,22,1,2,0,5,0,14,26,0,2,38,40,2150,450,30
SIM,22,1,2,0,6,1,24,21,1,2,38,40,1450,1050,27
SIM,22,1,2,0,7,0,21,21,1,2,37,40,2050,1050,30
SIM,22,1,2,0,8,1,31,15,2,1,37,40,1350,1750,25
SIM,22,1,2,0,9,0,22,18,2,2,37,40,1650,1250,30
SIM,22,1,2,0,10,1,25,8,3,0,37,40,1150,2150,16
SIM,22,1,2,0,11,0,22,18,2,1,37,40,1450,1450,30
SIM,22,1,2,0,12,1,25,2,3,0,37,40,950,2350,2
SIM,22,1,2,0,13,0,22,12,2,1,37,40,1250,1650,22
SIM,22,1,2,0,14,1,25,5,3,1,37,40,750,2350,11
SIM,22,1,2,0,15,0,24,5,2,1,37,40,1150,2350,30
SIM,22,1,2,0,16,1,27,0,3,0,37,40,650,3350,24
SIM,22,1,2,0,17,0,27,0,3,0,37,40,850,3350,30
SIM,22,1,2,0,18,1,33,0,5,0,37,33,200,4350,0
SIM,22,1,2,0,19,0,33,0,5,0,37,33,150,4350,20
SIM,22,1,2,0,20,1,33,0,5,0,37,22,150,5350,0
SIM,22,1,2,0,21,0,33,0,5,0,37,22,100,5350,20
SIM,22,1,2,0,22,1,33,0,5,0,37,11,100,6350,3
SIM,22,1,2,0,23,0,33,0,5,0,37,11,50,6350,23
SIM,23,1,2,1,1,0,0,12,0,2,40,40,1000,0,20
SIM,23,1,2,1,2,1,14,12,0,2,40,40,250,600,17
SIM,23,1,2,1,3,0,14,15,0,3,40,40,1250,450,30
SIM,23,1,2,1,4,1,14,15,0,3,40,40,1250,1000,30
SIM,23,1,2,1,5,0,14,26,0,2,40,40,2150,400,30
SIM,23,1,2,1,6,1,17,20,1,1,40,40,1650,1200,13
SIM,23,1,2,1,7,0,14,34,0,1,40,40,2550,450,30
SIM,23,1,2,1,8,1,17,28,1,0,40,40,2050,1350,21
SIM,23,1,2,1,9,0,14,31,0,1,40,40,2950,850,30
SIM,23,1,2,1,10,1,17,28,1,0,40,40,2450,1650,17
SIM,23,1,2,1,11,0,14,41,0,2,36,40,3350,450,30
SIM,23,1,2,1,12,1,24,38,1,1,36,40,2650,950,9
SIM,23,1,2,1,13,0,14,47,0,3,35,40,3550,50,29
SIM,23,1,2,1,14,1,24,44,1,2,35,40,2850,350,8
SIM,23,1,2,1,15,0,19,47,1,3,34,40,3450,200,28
SIM,23,1,2,1,16,1,29,44,2,2,34,40,2750,500,7
SIM,23,1,2,1,17,0,24,47,1,3,29,40,3350,0,27
SIM,23,1,2,1,18,1,34,39,2,2,29,40,2650,300,13
SIM,23,1,2,1,19,0,29,42,2,3,28,40,2950,150,30
SIM,23,1,2,1,20,1,39,34,3,1,28,40,2250,750,1
SIM,23,1,2,1,21,0,31,37,2,2,28,40,2550,250,21
SIM,23,1,2,1,22,1,41,29,3,1,28,40,1850,850,10
SIM,23,1,2,1,23,0,38,35,3,3,28,40,1850,200,30
SIM,23,1,2,1,24,1,41,34,4,2,28,40,1350,750,15
SIM,23,1,2,1,25,0,41,45,4,1,28,40,1150,150,30
SIM,23,1,2,1,26,1,41,42,4,0,28,40,1150,950,0
SIM,23,1,2,1,27,0,38,48,3,2,28,40,1150,300,20
SIM,23,1,2,1,28,1,41,45,4,1,28,37,650,950,3
SIM,23,1,2,1,29,0,38,55,3,2,28,37,650,250,23
SIM,23,1,2,1,30,1,44,42,5,0,28,34,0,950,0
SIM,23,1,2,1,31,0,41,52,4,1,28,34,0,250,20
SIM,23,1,2,1,32,1,41,42,4,0,28,31,0,950,1
SIM,23,1,2,1,33,0,38,52,3,1,28,31,0,250,21
SIM,23,1,2,1,34,1,38,47,3,1,28,28,0,650,2
SIM,23,1,2,1,35,0,31,53,2,2,28,28,300,250,22
SIM,23,1,2,1,36,1,34,48,3,2,28,25,150,450,14
SIM,23,1,2,1,37,0,23,54,2,3,28,25,450,50,30
SIM,23,1,2,1,38,1,29,50,3,2,28,22,50,250,6
SIM,23,1,2,1,39,0,22,50,2,2,28,22,450,250,26
SIM,23,1,2,1,40,1,25,47,3,1,28,19,300,650,19
SIM,23,1,2,1,41,0,21,53,1,2,28,19,900,250,30
SIM,23,1,2,1,42,1,31,48,2,1,28,16,200,750,7
SIM,23,1,2,1,43,0,26,58,2,2,27,16,500,50,27
SIM,23,1,2,1,44,1,32,50,3,2,27,13,100,250,20
SIM,23,1,2,1,45,0,24,50,2,2,27,13,500,250,30
SIM,23,1,2,1,46,1,27,42,3,0,27,10,0,950,17
SIM,23,1,2,1,47,0,24,52,2,1,27,10,400,250,30
SIM,23,1,2,1,48,1,27,49,3,1,27,7,250,650,15
SIM,23,1,2,1,49,0,21,55,1,2,27,7,850,250,30
SIM,23,1,2,1,50,1,24,49,2,1,27,4,350,650,19
SIM,23,1,2,1,51,0,21,55,1,2,27,4,950,250,30
SIM,23,1,2,1,52,1,24,49,2,1,27,1,450,650,15
SIM,23,1,2,1,53,0,21,55,1,2,26,1,1050,250,30
SIM,24,1,2,2,1,0,0,12,0,2,40,40,1000,0,20
SIM,24,1,2,2,2,1,14,12,0,2,40,40,250,600,17
SIM,24,1,2,2,3,0,14,12,0,2,40,40,1250,600,30
SIM,24,1,2,2,4,1,14,12,0,2,40,40,1250,1200,30
SIM,24,1,2,2,5,0,14,26,0,2,38,40,2150,450,30
SIM,24,1,2,2,6,1,24,21,1,2,38,40,1450,1050,27
SIM,24,1,2,2,7,0,21,21,1,2,37,40,2050,1050,30
SIM,24,1,2,2,8,1,31,15,2,1,37,40,1350,1750,25
SIM,24,1,2,2,9,0,22,18,2,2,37,40,1650,1250,30
SIM,24,1,2,2,10,1,25,8,3,0,37,40,1150,2150,16
SIM,24,1,2,2,11,0,22,18,2,1,37,40,1450,1450,30
SIM,24,1,2,2,12,1,25,2,3,0,37,40,950,2350,2
SIM,24,1,2,2,13,0,22,12,2,1,37,40,1250,1650,22
SIM,24,1,2,2,14,1,25,5,3,1,37,40,750,2350,11
SIM,24,1,2,2,15,0,24,5,2,1,37,40,1150,2350,30
SIM,24,1,2,2,16,1,27,0,3,0,37,40,650,3350,24
SIM,24,1,2,2,17,0,27,0,3,0,37,40,850,3350,30
SIM,24,1,2,2,18,1,33,0,5,0,37,33,200,4350,0
SIM,24,1,2,2,19,0,33,0,5,0,37,33,150,4350,20
SIM,24,1,2,2,20,1,33,0,5,0,37,22,150,5350,0
SIM,24,1,2,2,21,0,33,0,5,0,37,22,100,5350,20
SIM,24,1,2,2,22,1,33,0,5,0,37,11,100,6350,3
SIM,24,1,2,2,23,0,33,0,5,0,37,11,50,6350,23
SIM,25,0,3,0,1,0,18,0,3,0,40,40,1000,0,20
SIM,25,0,3,0,2,1,21,0,4,0,40,40,850,1000,1
SIM,25,0,3,0,3,0,21,0,4,0,40,40,1200,1000,21
SIM,25,0,3,0,4,1,32,0,3,0,40,38,600,2000,11
SIM,25,0,3,0,5,0,32,0,3,0,40,38,1000,2000,30
SIM,25,0,3,0,6,1,46,0,3,0,40,37,250,3000,25
SIM,25,0,3,0,7,0,46,0,3,0,40,37,550,3000,30
SIM,25,0,3,0,8,1,49,0,4,0,40,32,50,4000,5
SIM,25,0,3,0,9,0,49,0,4,0,40,32,50,4000,25
SIM,25,0,3,0,10,1,49,0,4,0,40,26,50,5000,11
SIM,25,0,3,0,11,0,49,0,4,0,40,26,50,5000,30
SIM,25,0,3,0,12,1,49,0,4,0,40,20,50,6000,24
SIM,25,0,3,0,13,0,49,0,4,0,40,20,50,6000,30
SIM,25,0,3,0,14,1,49,0,4,0,40,14,50,7000,24
SIM,25,0,3,0,15,0,49,0,4,0,40,14,50,7000,30
SIM,25,0,3,0,16,1,49,0,4,0,40,8,50,8000,24
SIM,25,0,3,0,17,0,49,0,4,0,40,8,50,8000,30
SIM,25,0,3,0,18,1,49,0,4,0,40,2,50,9000,24
SIM,25,0,3,0,19,0,49,0,4,0,40,2,50,9000,30
SIM,26,0,3,1,1,0,18,0,3,0,40,40,1000,0,20
SIM,26,0,3,1,2,1,32,0,3,0,40,39,250,1000,3
SIM,26,0,3,1,3,0,32,0,3,0,40,39,650,1000,23
SIM,26,0,3,1,4,1,32,0,3,0,40,37,650,2000,15
SIM,26,0,3,1,5,0,32,0,3,0,40,37,950,2000,30
SIM,26,0,3,1,6,1,35,0,4,0,40,32,450,3000,5
SIM,26,0,3,1,7,0,35,0,4,0,40,32,550,3000,25
SIM,26,0,3,1,8,1,38,0,5,0,40,23,50,4000,4
SIM,26,0,3,1,9,0,38,0,5,0,40,23,0,4000,24
SIM,26,0,3,1,10,1,38,0,5,0,40,14,0,5000,12
SIM,26,0,3,1,11,0,38,0,5,0,40,14,0,5000,30
SIM,26,0,3,1,12,1,38,0,5,0,40,4,0,6000,16
SIM,26,0,3,1,13,0,38,0,5,0,40,4,0,6000,30
SIM,27,0,3,2,1,0,18,0,3,0,40,40,1000,0,20
SIM,27,0,3,2,2,1,21,0,4,0,40,40,850,1000,1
SIM,27,0,3,2,3,0,21,0,4,0,40,40,1200,1000,21
SIM,27,0,3,2,4,1,32,0,3,0,40,38,600,2000,11
SIM,27,0,3,2,5,0,32,0,3,0,40,38,1000,2000,30
SIM,27,0,3,2,6,1,46,0,3,0,40,37,250,3000,25
SIM,27,0,3,2,7,0,46,0,3,0,40,37,550,3000,30
SIM,27,0,3,2,8,1,49,0,4,0,40,32,50,4000,5
SIM,27,0,3,2,9,0,49,0,4,0,40,32,50,4000,25
SIM,27,0,3,2,10,1,49,0,4,0,40,26,50,5000,11
SIM,27,0,3,2,11,0,49,0,4,0,40,26,50,5000,30
SIM,27,0,3,2,12,1,49,0,4,0,40,20,50,6000,24
SIM,27,0,3,2,13,0,49,0,4,0,40,20,50,6000,30
SIM,27,0,3,2,14,1,49,0,4,0,40,14,50,7000,24
SIM,27,0,3,2,15,0,49,0,4,0,40,14,50,7000,30
SIM,27,0,3,2,16,1,49,0,4,0,40,8,50,8000,24
SIM,27,0,3,2,17,0,49,0,4,0,40,8,50,8000,30
SIM,27,0,3,2,18,1,49,0,4,0,40,2,50,9000,24
SIM,27,0,3,2,19,0,49,0,4,0,40,2,50,9000,30
SIM,28,1,3,0,1,0,0,18,0,3,40,40,1000,0,20
SIM,28,1,3,0,2,1,14,18,0,3,40,40,250,400,17
SIM,28,1,3,0,3,0,14,21,0,4,40,40,1250,250,30
SIM,28,1,3,0,4,1,14,21,0,4,40,40,1250,600,30
SIM,28,1,3,0,5,0,14,32,0,3,38,40,2150,0,30
SIM,28,1,3,0,6,1,24,27,1,3,38,40,1450,400,24
SIM,28,1,3,0,7,0,18,30,1,4,37,40,2050,250,30
SIM,28,1,3,0,8,1,28,24,2,3,37,40,1350,700,10
SIM,28,1,3,0,9,0,22,35,2,2,37,40,1650,100,30
SIM,28,1,3,0,10,1,32,28,3,0,37,40,950,1000,11
SIM,28,1,3,0,11,0,31,31,2,1,37,40,1250,500,30
SIM,28,1,3,0,12,1,34,28,3,0,37,40,750,1300,21
SIM,28,1,3,0,13,0,31,31,2,1,37,40,1050,800,30
SIM,28,1,3,0,14,1,34,23,3,0,37,40,550,1600,19
SIM,28,1,3,0,15,0,28,26,3,1,37,40,650,1100,30
SIM,28,1,3,0,16,1,34,17,5,0,37,40,0,1900,2
SIM,28,1,3,0,17,0,31,27,4,1,37,40,50,1200,22
SIM,28,1,3,0,18,1,31,14,4,0,37,40,50,2100,1
SIM,28,1,3,0,19,0,28,17,3,1,37,40,150,1600,21
SIM,28,1,3,0,20,1,31,14,4,0,37,40,0,2500,2
SIM,28,1,3,0,21,0,28,24,3,1,37,40,250,1800,22
SIM,28,1,3,0,22,1,28,14,3,0,37,40,250,2700,3
SIM,28,1,3,0,23,0,25,24,2,1,37,40,550,2000,23
SIM,28,1,3,0,24,1,28,14,3,0,37,40,50,2900,1
SIM,28,1,3,0,25,0,25,24,2,1,37,40,350,2200,21
SIM,28,1,3,0,26,1,28,14,3,0,37,40,200,3100,13
SIM,28,1,3,0,27,0,24,24,2,1,37,40,750,2400,30
SIM,28,1,3,0,28,1,35,19,1,1,37,40,150,3000,26
SIM,28,1,3,0,29,0,28,29,0,2,37,40,1050,2300,30
SIM,28,1,3,0,30,1,31,24,1,1,37,40,550,2900,13
SIM,28,1,3,0,31,0,22,27,0,2,37,40,1350,2400,30
SIM,28,1,3,0,32,1,32,24,1,1,37,40,650,3000,3
SIM,28,1,3,0,33,0,22,27,0,2,37,40,1450,2500,23
SIM,28,1,3,0,34,1,42,24,2,1,37,40,50,3100,1
SIM,28,1,3,0,35,0,32,27,1,2,37,40,550,2600,21
SIM,28,1,3,0,36,1,35,24,2,1,37,40,50,3200,1
SIM,28,1,3,0,37,0,26,27,1,2,37,40,550,2700,21
SIM,28,1,3,0,38,1,29,18,2,1,37,40,50,3300,6
SIM,28,1,3,0,39,0,22,21,0,2,37,40,850,2800,26
SIM,28,1,3,0,40,1,35,18,2,1,37,40,0,3400,11
SIM,28,1,3,0,41,0,26,21,1,2,37,40,500,2900,30
SIM,28,1,3,0,42,1,29,14,2,0,37,40,0,3800,12
SIM,28,1,3,0,43,0,26,24,1,1,37,40,500,3100,30
SIM,28,1,3,0,44,1,29,14,2,0,37,40,0,4000,1
SIM,28,1,3,0,45,0,26,24,1,1,37,40,500,3300,21
SIM,28,1,3,0,46,1,29,19,2,1,37,40,0,3900,4
SIM,28,1,3,0,47,0,22,29,0,2,37,40,800,3200,24
SIM,28,1,3,0,48,1,28,24,2,1,37,40,150,3800,6
SIM,28,1,3,0,49,0,22,27,0,2,37,40,950,3300,26
SIM,28,1,3,0,50,1,25,24,1,1,37,40,450,3900,13
SIM,28,1,3,0,51,0,16,27,0,2,37,40,1250,3400,30
SIM,28,1,3,0,52,1,19,24,1,1,37,40,750,4000,13
SIM,28,1,3,0,53,0,14,27,0,2,37,40,1650,3500,30
SIM,28,1,3,0,54,1,24,24,1,1,37,40,950,4100,9
SIM,28,1,3,0,55,0,14,27,0,2,37,40,1850,3600,29
SIM,28,1,3,0,56,1,24,24,1,1,37,40,1150,4200,8
SIM,28,1,3,0,57,0,14,27,0,2,37,40,2050,3700,28
SIM,28,1,3,0,58,1,24,24,1,1,37,40,1350,4300,7
SIM,28,1,3,0,59,0,14,27,0,2,37,40,2250,3800,27
SIM,28,1,3,0,60,1,24,24,1,1,37,40,1550,4400,6
SIM,28,1,3,0,61,0,14,27,0,2,37,40,2450,3900,26
SIM,28,1,3,0,62,1,24,24,1,1,37,40,1750,4500,5
SIM,28,1,3,0,63,0,14,27,0,2,37,40,2650,4000,25
SIM,28,1,3,0,64,1,24,24,1,1,37,40,1950,4600,4
SIM,28,1,3,0,65,0,14,27,0,2,37,40,2850,4100,24
SIM,28,1,3,0,66,1,24,24,1,1,37,40,2150,4700,3
SIM,28,1,3,0,67,0,14,27,0,2,37,40,3050,4200,23
SIM,28,1,3,0,68,1,24,24,1,1,37,40,2350,4800,2
SIM,28,1,3,0,69,0,14,27,0,2,37,40,3250,4300,22
SIM,28,1,3,0,70,1,24,24,1,1,37,40,2550,4900,1
SIM,28,1,3,0,71,0,14,27,0,2,37,40,3450,4400,21
SIM,28,1,3,0,72,1,24,24,1,1,37,40,2750,5000,0
SIM,28,1,3,0,73,0,14,27,0,2,37,40,3650,4500,20
SIM,28,1,3,0,74,1,24,27,1,2,37,40,2950,4900,19
SIM,28,1,3,0,75,0,24,30,1,3,26,40,3550,4400,30
SIM,28,1,3,0,76,1,34,24,2,1,26,40,2850,5000,4
SIM,28,1,3,0,77,0,28,27,2,2,23,40,3150,4500,24
SIM,28,1,3,0,78,1,31,18,3,1,23,40,2650,5100,7
SIM,28,1,3,0,79,0,24,21,1,2,23,40,3250,4600,27
SIM,28,1,3,0,80,1,34,14,2,0,23,40,2550,5500,4
SIM,28,1,3,0,81,0,34,17,2,1,19,40,2850,5000,24
SIM,28,1,3,0,82,1,37,14,3,0,19,40,2350,5900,0
SIM,28,1,3,0,83,0,32,24,3,1,19,40,2450,5200,20
SIM,28,1,3,0,84,1,35,14,4,0,19,40,1950,6100,2
SIM,28,1,3,0,85,0,32,24,3,1,19,40,2050,5400,22
SIM,28,1,3,0,86,1,35,14,4,0,19,40,1550,6300,14
SIM,28,1,3,0,87,0,30,24,3,1,19,40,1750,5600,30
SIM,28,1,3,0,88,1,33,14,4,0,19,40,1250,6500,19
SIM,28,1,3,0,89,0,30,24,3,1,19,40,1450,5800,30
SIM,28,1,3,0,90,1,33,14,4,0,19,40,950,6700,19
SIM,28,1,3,0,91,0,30,24,3,1,19,40,1150,6000,30
SIM,28,1,3,0,92,1,33,14,4,0,19,40,650,6900,19
SIM,28,1,3,0,93,0,30,24,3,1,19,40,850,6200,30
SIM,28,1,3,0,94,1,36,14,5,0,19,40,200,7100,18
SIM,28,1,3,0,95,0,33,24,4,1,19,40,200,6400,30
SIM,28,1,3,0,96,1,33,14,4,0,19,40,200,7300,26
SIM,28,1,3,0,97,0,30,24,3,1,19,40,400,6600,30
SIM,28,1,3,0,98,1,33,14,4,0,19,40,250,7500,19
SIM,28,1,3,0,99,0,30,24,3,1,19,40,450,6800,30
SIM,28,1,3,0,100,1,30,14,3,0,19,40,450,7700,26
SIM,28,1,3,0,101,0,27,24,2,1,19,40,850,7000,30
SIM,28,1,3,0,102,1,33,14,4,0,19,40,200,7900,14
SIM,28,1,3,0,103,0,30,24,3,1,19,40,400,7200,30
SIM,28,1,3,0,104,1,30,14,3,0,19,40,400,8100,26
SIM,28,1,3,0,105,0,27,24,2,1,19,40,800,7400,30
SIM,28,1,3,0,106,1,33,14,4,0,19,40,150,8300,14
SIM,28,1,3,0,107,0,30,24,3,1,19,40,350,7600,30
SIM,28,1,3,0,108,1,30,14,3,0,19,40,350,8500,26
SIM,28,1,3,0,109,0,27,24,2,1,19,40,750,7800,30
SIM,28,1,3,0,110,1,33,14,4,0,19,40,100,8700,5
SIM,28,1,3,0,111,0,30,24,3,1,19,40,450,8000,25
SIM,28,1,3,0,112,1,30,14,3,0,19,40,450,8900,11
SIM,28,1,3,0,113,0,27,24,2,1,19,40,1000,8200,30
SIM,28,1,3,0,114,1,30,14,3,0,19,40,500,9100,19
SIM,28,1,3,0,115,0,27,24,2,1,19,40,1050,8400,30
SIM,28,1,3,0,116,1,30,14,3,0,19,40,550,9300,19
SIM,28,1,3,0,117,0,27,24,2,1,19,40,1100,8600,30
SIM,28,1,3,0,118,1,30,14,3,0,19,40,600,9500,19
SIM,28,1,3,0,119,0,27,24,2,1,19,40,1150,8800,30
SIM,28,1,3,0,120,1,30,14,3,0,19,40,650,9700,19
SIM,29,1,3,1,1,0,0,18,0,3,40,40,1000,0,20
SIM,29,1,3,1,2,1,14,18,0,3,40,40,250,400,17
SIM,29,1,3,1,3,0,14,21,0,4,39,40,1250,250,30
SIM,29,1,3,1,4,1,14,21,0,4,39,40,1250,600,30
SIM,29,1,3,1,5,0,14,21,0,4,38,40,2150,600,30
SIM,29,1,3,1,6,1,24,18,1,3,38,40,1450,1000,15
SIM,29,1,3,1,7,0,21,32,1,3,36,40,2050,250,30
SIM,29,1,3,1,8,1,31,26,2,2,36,40,1350,850,7
SIM,29,1,3,1,9,0,28,26,2,2,35,40,1650,850,27
SIM,29,1,3,1,10,1,38,15,3,1,35,40,950,1550,14
SIM,29,1,3,1,11,0,29,18,3,2,35,40,950,1050,30
SIM,29,1,3,1,12,1,35,9,5,0,35,40,300,1950,2
SIM,29,1,3,1,13,0,32,19,4,1,35,40,100,1250,22
SIM,29,1,3,1,14,1,32,10,4,1,35,40,100,1950,0
SIM,29,1,3,1,15,0,31,10,3,1,35,40,200,1950,20
SIM,29,1,3,1,16,1,34,5,4,1,35,37,50,2650,1
SIM,29,1,3,1,17,0,31,5,3,1,35,37,150,2650,21
SIM,29,1,3,1,18,1,31,0,3,0,35,34,150,3650,17
SIM,29,1,3,1,19,0,31,0,3,0,35,34,250,3650,30
SIM,29,1,3,1,20,1,34,0,4,0,35,27,100,4650,1
SIM,29,1,3,1,21,0,34,0,4,0,35,27,150,4650,21
SIM,29,1,3,1,22,1,34,0,4,0,35,20,150,5650,2
SIM,29,1,3,1,23,0,34,0,4,0,35,20,200,5650,22
SIM,29,1,3,1,24,1,37,0,5,0,35,13,50,6650,2
SIM,29,1,3,1,25,0,37,0,5,0,35,13,50,6650,22
SIM,29,1,3,1,26,1,37,0,5,0,35,6,50,7650,18
SIM,29,1,3,1,27,0,37,0,5,0,35,6,50,7650,30
SIM,30,1,3,2,1,0,0,18,0,3,40,40,1000,0,20
SIM,30,1,3,2,2,1,14,18,0,3,40,40,250,400,17
SIM,30,1,3,2,3,0,14,21,0,4,40,40,1250,250,30
SIM,30,1,3,2,4,1,14,21,0,4,40,40,1250,600,30
SIM,30,1,3,2,5,0,14,32,0,3,38,40,2150,0,30
SIM,30,1,3,2,6,1,24,27,1,3,38,40,1450,400,24
SIM,30,1,3,2,7,0,18,30,1,4,37,40,2050,250,30
SIM,30,1,3,2,8,1,28,24,2,3,37,40,1350,700,10
SIM,30,1,3,2,9,0,22,35,2,2,37,40,1650,100,30
SIM,30,1,3,2,10,1,32,28,3,0,37,40,950,1000,11
SIM,30,1,3,2,11,0,31,31,2,1,37,40,1250,500,30
SIM,30,1,3,2,12,1,34,28,3,0,37,40,750,1300,21
SIM,30,1,3,2,13,0,31,31,2,1,37,40,1050,800,30
SIM,30,1,3,2,14,1,34,23,3,0,37,40,550,1600,19
SIM,30,1,3,2,15,0,28,26,3,1,37,40,650,1100,30
SIM,30,1,3,2,16,1,34,17,5,0,37,40,0,1900,2
SIM,30,1,3,2,17,0,31,27,4,1,37,40,50,1200,22
SIM,30,1,3,2,18,1,31,14,4,0,37,40,50,2100,1
SIM,30,1,3,2,19,0,28,17,3,1,37,40,150,1600,21
SIM,30,1,3,2,20,1,31,14,4,0,37,40,0,2500,2
SIM,30,1,3,2,21,0,28,24,3,1,37,40,250,1800,22
SIM,30,1,3,2,22,1,28,14,3,0,37,40,250,2700,3
SIM,30,1,3,2,23,0,25,24,2,1,37,40,550,2000,23
SIM,30,1,3,2,24,1,28,14,3,0,37,40,50,2900,1
SIM,30,1,3,2,25,0,25,24,2,1,37,40,350,2200,21
SIM,30,1,3,2,26,1,28,14,3,0,37,40,200,3100,13
SIM,30,1,3,2,27,0,24,24,2,1,37,40,750,2400,30
SIM,30,1,3,2,28,1,35,19,1,1,37,40,150,3000,26
SIM,30,1,3,2,29,0,28,29,0,2,37,40,1050,2300,30
SIM,30,1,3,2,30,1,31,24,1,1,37,40,550,2900,13
SIM,30,1,3,2,31,0,22,27,0,2,37,40,1350,2400,30
SIM,30,1,3,2,32,1,32,24,1,1,37,40,650,3000,3
SIM,30,1,3,2,33,0,22,27,0,2,37,40,1450,2500,23
SIM,30,1,3,2,34,1,42,24,2,1,37,40,50,3100,1
SIM,30,1,3,2,35,0,32,27,1,2,37,40,550,2600,21
SIM,30,1,3,2,36,1,35,24,2,1,37,40,50,3200,1
SIM,30,1,3,2,37,0,26,27,1,2,37,40,550,2700,21
SIM,30,1,3,2,38,1,29,18,2,1,37,40,50,3300,6
SIM,30,1,3,2,39,0,22,21,0,2,37,40,850,2800,26
SIM,30,1,3,2,40,1,35,18,2,1,37,40,0,3400,11
SIM,30,1,3,2,41,0,26,21,1,2,37,40,500,2900,30
SIM,30,1,3,2,42,1,29,14,2,0,37,40,0,3800,12
SIM,30,1,3,2,43,0,26,24,1,1,37,40,500,3100,30
SIM,30,1,3,2,44,1,29,14,2,0,37,40,0,4000,1
SIM,30,1,3,2,45,0,26,24,1,1,37,40,500,3300,21
SIM,30,1,3,2,46,1,29,19,2,1,37,40,0,3900,4
SIM,30,1,3,2,47,0,22,29,0,2,37,40,800,3200,24
SIM,30,1,3,2,48,1,28,24,2,1,37,40,150,3800,6
SIM,30,1,3,2,49,0,22,27,0,2,37,40,950,3300,26
SIM,30,1,3,2,50,1,25,24,1,1,37,40,450,3900,13
SIM,30,1,3,2,51,0,16,27,0,2,37,40,1250,3400,30
SIM,30,1,3,2,52,1,19,24,1,1,37,40,750,4000,13
SIM,30,1,3,2,53,0,14,27,0,2,37,40,1650,3500,30
SIM,30,1,3,2,54,1,24,24,1,1,37,40,950,4100,9
SIM,30,1,3,2,55,0,14,27,0,2,37,40,1850,3600,29
SIM,30,1,3,2,56,1,24,24,1,1,37,40,1150,4200,8
SIM,30,1,3,2,57,0,14,27,0,2,37,40,2050,3700,28
SIM,30,1,3,2,58,1,24,24,1,1,37,40,1350,4300,7
SIM,30,1,3,2,59,0,14,27,0,2,37,40,2250,3800,27
SIM,30,1,3,2,60,1,24,24,1,1,37,40,1550,4400,6
SIM,30,1,3,2,61,0,14,27,0,2,37,40,2450,3900,26
SIM,30,1,3,2,62,1,24,24,1,1,37,40,1750,4500,5
SIM,30,1,3,2,63,0,14,27,0,2,37,40,2650,4000,25
SIM,30,1,3,2,64,1,24,24,1,1,37,40,1950,4600,4
SIM,30,1,3,2,65,0,14,27,0,2,37,40,2850,4100,24
SIM,30,1,3,2,66,1,24,24,1,1,37,40,2150,4700,3
SIM,30,1,3,2,67,0,14,27,0,2,37,40,3050,4200,23
SIM,30,1,3,2,68,1,24,24,1,1,37,40,2350,4800,2
SIM,30,1,3,2,69,0,14,27,0,2,37,40,3250,4300,22
SIM,30,1,3,2,70,1,24,24,1,1,37,40,2550,4900,1
SIM,30,1,3,2,71,0,14,27,0,2,37,40,3450,4400,21
SIM,30,1,3,2,72,1,24,24,1,1,37,40,2750,5000,0
SIM,30,1,3,2,73,0,14,27,0,2,37,40,3650,4500,20
SIM,30,1,3,2,74,1,24,27,1,2,37,40,2950,4900,19
SIM,30,1,3,2,75,0,24,30,1,3,26,40,3550,4400,30
SIM,30,1,3,2,76,1,34,24,2,1,26,40,2850,5000,4
SIM,30,1,3,2,77,0,28,27,2,2,23,40,3150,4500,24
SIM,30,1,3,2,78,1,31,18,3,1,23,40,2650,5100,7
SIM,30,1,3,2,79,0,24,21,1,2,23,40,3250,4600,27
SIM,30,1,3,2,80,1,34,14,2,0,23,40,2550,5500,4
SIM,30,1,3,2,81,0,34,17,2,1,19,40,2850,5000,24
SIM,30,1,3,2,82,1,37,14,3,0,19,40,2350,5900,0
SIM,30,1,3,2,83,0,32,24,3,1,19,40,2450,5200,20
SIM,30,1,3,2,84,1,35,14,4,0,19,40,1950,6100,2
SIM,30,1,3,2,85,0,32,24,3,1,19,40,2050,5400,22
SIM,30,1,3,2,86,1,35,14,4,0,19,40,1550,6300,14
SIM,30,1,3,2,87,0,30,24,3,1,19,40,1750,5600,30
SIM,30,1,3,2,88,1,33,14,4,0,19,40,1250,6500,19
SIM,30,1,3,2,89,0,30,24,3,1,19,40,1450,5800,30
SIM,30,1,3,2,90,1,33,14,4,0,19,40,950,6700,19
SIM,30,1,3,2,91,0,30,24,3,1,19,40,1150,6000,30
SIM,30,1,3,2,92,1,33,14,4,0,19,40,650,6900,19
SIM,30,1,3,2,93,0,30,24,3,1,19,40,850,6200,30
SIM,30,1,3,2,94,1,36,14,5,0,19,40,200,7100,18
SIM,30,1,3,2,95,0,33,24,4,1,19,40,200,6400,30
SIM,30,1,3,2,96,1,33,14,4,0,19,40,200,7300,26
SIM,30,1,3,2,97,0,30,24,3,1,19,40,400,6600,30
SIM,30,1,3,2,98,1,33,14,4,0,19,40,250,7500,19
SIM,30,1,3,2,99,0,30,24,3,1,19,40,450,6800,30
SIM,30,1,3,2,100,1,30,14,3,0,19,40,450,7700,26
SIM,30,1,3,2,101,0,27,24,2,1,19,40,850,7000,30
SIM,30,1,3,2,102,1,33,14,4,0,19,40,200,7900,14
SIM,30,1,3,2,103,0,30,24,3,1,19,40,400,7200,30
SIM,30,1,3,2,104,1,30,14,3,0,19,40,400,8100,26
SIM,30,1,3,2,105,0,27,24,2,1,19,40,800,7400,30
SIM,30,1,3,2,106,1,33,14,4,0,19,40,150,8300,14
SIM,30,1,3,2,107,0,30,24,3,1,19,40,350,7600,30
SIM,30,1,3,2,108,1,30,14,3,0,19,40,350,8500,26
SIM,30,1,3,2,109,0,27,24,2,1,19,40,750,7800,30
SIM,30,1,3,2,110,1,33,14,4,0,19,40,100,8700,5
SIM,30,1,3,2,111,0,30,24,3,1,19,40,450,8000,25
SIM,30,1,3,2,112,1,30,14,3,0,19,40,450,8900,11
SIM,30,1,3,2,113,0,27,24,2,1,19,40,1000,8200,30
SIM,30,1,3,2,114,1,30,14,3,0,19,40,500,9100,19
SIM,30,1,3,2,115,0,27,24,2,1,19,40,1050,8400,30
SIM,30,1,3,2,116,1,30,14,3,0,19,40,550,9300,19
SIM,30,1,3,2,117,0,27,24,2,1,19,40,1100,8600,30
SIM,30,1,3,2,118,1,30,14,3,0,19,40,600,9500,19
SIM,30,1,3,2,119,0,27,24,2,1,19,40,1150,8800,30
SIM,30,1,3,2,120,1,30,14,3,0,19,40,650,9700,19
